1 0
2 0
3 0
4 0
5 0
6 0
7 0
8 0
9 0
10 0
11 0
12 0
13 0
14 0
15 0
16 0
17 0
18 0
19 0
20 0
21 1
22 1
23 1
24 1
25 1
26 1
27 1
28 1
29 1
30 1
31 1
32 1
33 1
34 1
35 1
36 1
37 1
38 1
39 1
40 1
41 1
42 1
43 1
44 1
45 1
46 1
47 1
48 1
49 1
50 1
51 1
52 1
53 1
54 1
55 1
56 1
57 1
58 1
59 1
60 1
61 1
62 1
63 1
64 1
65 1
66 1
67 1
68 1
69 1
70 1
71 1
72 1
73 1
74 1
75 1
76 1
77 1
78 1
79 1
80 1
81 1
82 1
83 1
84 5
85 5
86 5
87 5
88 5
89 5
90 5
91 5
92 5
93 5
94 5
95 5
96 5
97 5
98 5
99 5
100 5
101 5
102 5
103 5
104 5
105 4
106 4
107 4
108 4
109 4
110 4
111 4
112 4
113 4
114 4
115 4
116 4
117 4
118 4
119 4
120 4
121 4
122 4
123 4
124 4
125 4
126 4
127 4
128 4
129 4
130 4
131 4
132 4
133 4
134 4
135 4
136 4
137 4
138 4
139 4
140 4
141 4
142 4
143 4
144 4
145 4
146 4
147 4
148 4
149 4
150 4
151 4
152 4
153 4
154 4
155 4
156 4
157 4
158 4
159 4
160 4
161 4
162 4
163 4
164 4
165 4
166 4
167 4
168 4
169 4
170 4
171 4
172 4
173 4
174 4
175 4
176 4
177 4
178 4
179 4
180 4
181 4
182 4
183 4
184 4
185 4
186 4
187 4
188 4
189 4
190 4
191 4
192 4
193 4
194 4
195 4
196 4
197 4
198 4
199 4
200 4
201 4
202 4
203 4
204 4
205 4
206 4
207 4
208 4
209 4
210 4
211 4
212 4
213 4
214 4
215 4
216 4
217 4
218 4
219 4
220 4
221 4
222 4
223 4
224 4
225 4
226 4
227 4
228 4
229 4
230 4
231 4
232 4
233 4
234 4
235 4
236 4
237 4
238 4
239 4
240 4
241 4
242 4
243 4
244 4
245 4
246 4
247 4
248 4
249 4
250 4
251 4
252 2
253 2
254 2
255 2
256 2
257 2
258 2
259 2
260 2
261 2
262 2
263 2
264 2
265 2
266 2
267 2
268 2
269 2
270 2
271 2
272 2
273 2
274 2
275 2
276 2
277 2
278 2
279 2
280 2
281 2
282 2
283 2
284 2
285 2
286 2
287 2
288 2
289 2
290 2
291 2
292 2
293 2
294 2
295 2
296 2
297 2
298 2
299 2
300 2
301 2
302 2
303 2
304 2
305 2
306 2
307 2
308 2
309 2
310 2
311 2
312 2
313 2
314 2
315 2
316 2
317 2
318 2
319 2
320 2
321 2
322 2
323 2
324 2
325 2
326 2
327 2
328 2
329 2
330 2
331 2
332 2
333 2
334 2
335 2
336 2
337 2
338 2
339 2
340 2
341 2
342 2
343 2
344 2
345 2
346 2
347 2
348 2
349 2
350 2
351 2
352 2
353 2
354 2
355 2
356 2
357 2
358 2
359 2
360 2
361 2
362 2
363 2
364 2
365 2
366 2
367 2
368 2
369 2
370 2
371 2
372 2
373 2
374 2
375 2
376 2
377 2
378 2
379 2
380 2
381 2
382 2
383 2
384 2
385 2
386 2
387 2
388 2
389 2
390 2
391 2
392 2
393 2
394 2
395 2
396 2
397 2
398 2
399 2
400 2
401 2
402 2
403 2
404 2
405 2
406 2
407 2
408 2
409 2
410 2
411 2
412 2
413 2
414 2
415 2
416 2
417 2
418 2
419 2
420 2
421 2
422 2
423 2
424 2
425 2
426 2
427 2
428 2
429 2
430 2
431 2
432 2
433 2
434 2
435 2
436 2
437 2
438 2
439 2
440 2
441 4
442 4
443 4
444 4
445 4
446 4
447 4
448 4
449 4
450 4
451 4
452 4
453 4
454 4
455 4
456 4
457 4
458 4
459 4
460 4
461 4
462 4
463 4
464 4
465 4
466 4
467 4
468 4
469 4
470 4
471 4
472 4
473 4
474 4
475 4
476 4
477 4
478 4
479 4
480 4
481 4
482 4
483 4
484 4
485 4
486 4
487 4
488 4
489 4
490 4
491 4
492 4
493 4
494 4
495 4
496 4
497 4
498 4
499 4
500 4
501 4
502 4
503 4
504 4
505 4
506 4
507 4
508 4
509 4
510 4
511 4
512 4
513 4
514 4
515 4
516 4
517 4
518 4
519 4
520 4
521 4
522 4
523 4
524 4
525 4
526 4
527 4
528 4
529 4
530 4
531 4
532 4
533 4
534 4
535 4
536 4
537 4
538 4
539 4
540 4
541 4
542 4
543 4
544 4
545 4
546 4
547 4
548 4
549 4
550 4
551 4
552 4
553 4
554 4
555 4
556 4
557 4
558 4
559 4
560 4
561 4
562 4
563 4
564 4
565 4
566 4
567 4
568 4
569 4
570 4
571 4
572 4
573 4
574 4
575 4
576 4
577 4
578 4
579 4
580 4
581 4
582 4
583 4
584 4
585 4
586 4
587 4
588 4
589 4
590 4
591 4
592 4
593 4
594 4
595 4
596 4
597 4
598 4
599 4
600 4
601 4
602 4
603 4
604 4
605 4
606 4
607 4
608 4
609 4
610 4
611 4
612 4
613 4
614 4
615 4
616 4
617 4
618 4
619 4
620 4
621 4
622 4
623 4
624 4
625 4
626 4
627 4
628 4
629 4
630 4
631 4
632 4
633 4
634 4
635 4
636 4
637 4
638 4
639 4
640 4
641 4
642 4
643 4
644 4
645 4
646 4
647 4
648 4
649 4
650 4
651 1
652 1
653 1
654 1
655 1
656 1
657 1
658 1
659 1
660 1
661 1
662 1
663 1
664 1
665 1
666 1
667 1
668 1
669 1
670 1
671 1
672 1
673 1
674 1
675 1
676 1
677 1
678 1
679 1
680 1
681 1
682 1
683 1
684 1
685 1
686 1
687 1
688 1
689 1
690 1
691 1
692 1
693 1
694 1
695 1
696 1
697 1
698 1
699 1
700 1
701 1
702 1
703 1
704 1
705 1
706 1
707 1
708 1
709 1
710 1
711 1
712 1
713 1
714 1
715 1
716 1
717 1
718 1
719 1
720 1
721 1
722 1
723 1
724 1
725 1
726 1
727 1
728 1
729 1
730 1
731 1
732 1
733 1
734 1
735 1
736 1
737 1
738 1
739 1
740 1
741 1
742 1
743 1
744 1
745 1
746 1
747 1
748 1
749 1
750 1
751 1
752 1
753 1
754 1
755 1
756 1
757 1
758 1
759 1
760 1
761 1
762 1
763 1
764 1
765 1
766 1
767 1
768 1
769 1
770 1
771 1
772 1
773 1
774 1
775 1
776 1
777 1
778 1
779 1
780 1
781 1
782 1
783 1
784 1
785 1
786 1
787 1
788 1
789 1
790 1
791 1
792 1
793 1
794 1
795 1
796 1
797 1
798 5
799 5
800 5
801 5
802 5
803 5
804 5
805 5
806 5
807 5
808 5
809 5
810 5
811 5
812 5
813 5
814 5
815 5
816 5
817 5
818 5
819 5
820 5
821 5
822 5
823 5
824 5
825 5
826 5
827 5
828 5
829 5
830 5
831 5
832 5
833 5
834 5
835 5
836 5
837 5
838 5
839 5
840 5
841 5
842 5
843 5
844 5
845 5
846 5
847 5
848 5
849 5
850 5
851 5
852 5
853 5
854 5
855 5
856 5
857 5
858 5
859 5
860 5
861 5
862 5
863 5
864 5
865 5
866 5
867 5
868 5
869 5
870 5
871 5
872 5
873 5
874 5
875 5
876 5
877 5
878 5
879 5
880 5
881 5
882 5
883 5
884 5
885 5
886 5
887 5
888 5
889 5
890 5
891 5
892 5
893 5
894 5
895 5
896 5
897 5
898 5
899 5
900 5
901 5
902 5
903 5
904 5
905 5
906 5
907 5
908 5
909 5
910 5
911 5
912 5
913 5
914 5
915 5
916 5
917 5
918 5
919 5
920 5
921 5
922 5
923 5
924 5
925 5
926 5
927 5
928 5
929 5
930 5
931 5
932 5
933 5
934 5
935 5
936 5
937 5
938 5
939 5
940 5
941 5
942 5
943 5
944 5
945 5
946 5
947 5
948 5
949 5
950 5
951 5
952 5
953 5
954 5
955 5
956 5
957 5
958 5
959 5
960 5
961 5
962 5
963 5
964 5
965 5
966 5
967 5
968 5
969 5
970 5
971 5
972 5
973 5
974 5
975 5
976 5
977 5
978 5
979 5
980 5
981 5
982 5
983 5
984 5
985 5
986 5
987 5
988 5
989 5
990 5
991 5
992 5
993 5
994 5
995 5
996 5
997 5
998 5
999 5
1000 5
1001 5
1002 5
1003 5
1004 5
1005 5
1006 5
1007 5
1008 5
1009 5
1010 5
1011 5
1012 5
1013 5
1014 5
1015 5
1016 5
1017 5
1018 5
1019 5
1020 5
1021 5
1022 5
1023 5
1024 5
1025 5
1026 5
1027 5
1028 5
1029 5
1030 5
1031 5
1032 5
1033 5
1034 5
1035 5
1036 5
1037 5
1038 5
1039 5
1040 5
1041 5
1042 5
1043 5
1044 5
1045 5
1046 5
1047 5
1048 5
1049 5
1050 5
1051 5
1052 5
1053 5
1054 5
1055 5
1056 5
1057 5
1058 5
1059 5
1060 5
1061 5
1062 5
1063 5
1064 5
1065 5
1066 5
1067 5
1068 5
1069 5
1070 5
1071 1
1072 1
1073 1
1074 1
1075 1
1076 1
1077 1
1078 1
1079 1
1080 1
1081 1
1082 1
1083 1
1084 1
1085 1
1086 1
1087 1
1088 1
1089 1
1090 1
1091 1
1092 1
1093 1
1094 1
1095 1
1096 1
1097 1
1098 1
1099 1
1100 1
1101 1
1102 1
1103 1
1104 1
1105 1
1106 1
1107 1
1108 1
1109 1
1110 1
1111 1
1112 1
1113 1
1114 1
1115 1
1116 1
1117 1
1118 1
1119 1
1120 1
1121 1
1122 1
1123 1
1124 1
1125 1
1126 1
1127 1
1128 1
1129 1
1130 1
1131 1
1132 1
1133 1
1134 1
1135 1
1136 1
1137 1
1138 1
1139 1
1140 1
1141 1
1142 1
1143 1
1144 1
1145 1
1146 1
1147 1
1148 1
1149 1
1150 1
1151 1
1152 1
1153 1
1154 1
1155 1
1156 1
1157 1
1158 1
1159 1
1160 1
1161 1
1162 1
1163 1
1164 1
1165 1
1166 1
1167 1
1168 1
1169 1
1170 1
1171 1
1172 1
1173 1
1174 1
1175 1
1176 1
1177 1
1178 1
1179 1
1180 1
1181 1
1182 1
1183 1
1184 1
1185 1
1186 1
1187 1
1188 1
1189 1
1190 1
1191 1
1192 1
1193 1
1194 1
1195 1
1196 1
1197 1
1198 1
1199 1
1200 1
1201 1
1202 1
1203 1
1204 1
1205 1
1206 1
1207 1
1208 1
1209 1
1210 1
1211 1
1212 1
1213 1
1214 1
1215 1
1216 1
1217 1
1218 1
1219 1
1220 1
1221 1
1222 1
1223 1
1224 1
1225 1
1226 1
1227 1
1228 1
1229 1
1230 1
1231 1
1232 1
1233 1
1234 1
1235 1
1236 1
1237 1
1238 1
1239 1
1240 1
1241 1
1242 1
1243 1
1244 1
1245 1
1246 1
1247 1
1248 1
1249 1
1250 1
1251 1
1252 1
1253 1
1254 1
1255 1
1256 1
1257 1
1258 1
1259 1
1260 1
1261 1
1262 1
1263 1
1264 1
1265 1
1266 1
1267 1
1268 1
1269 1
1270 1
1271 1
1272 1
1273 1
1274 1
1275 1
1276 1
1277 1
1278 1
1279 1
1280 1
1281 1
1282 1
1283 1
1284 1
1285 1
1286 1
1287 1
1288 1
1289 1
1290 1
1291 1
1292 1
1293 1
1294 1
1295 1
1296 1
1297 1
1298 1
1299 1
1300 1
1301 1
1302 1
1303 1
1304 1
1305 1
1306 1
1307 1
1308 1
1309 1
1310 1
1311 1
1312 1
1313 1
1314 1
1315 1
1316 1
1317 1
1318 1
1319 1
1320 1
1321 1
1322 1
1323 1
1324 1
1325 1
1326 1
1327 1
1328 1
1329 1
1330 1
1331 1
1332 1
1333 1
1334 1
1335 1
1336 1
1337 1
1338 1
1339 1
1340 1
1341 1
1342 1
1343 1
1344 1
1345 1
1346 1
1347 1
1348 1
1349 1
1350 1
1351 1
1352 1
1353 1
1354 1
1355 1
1356 1
1357 1
1358 1
1359 1
1360 1
1361 1
1362 1
1363 1
1364 1
1365 1
1366 1
1367 1
1368 1
1369 1
1370 1
1371 1
1372 1
1373 1
1374 1
1375 1
1376 1
1377 1
1378 1
1379 1
1380 1
1381 1
1382 1
1383 1
1384 1
1385 1
1386 1
1387 1
1388 1
1389 1
1390 1
1391 1
1392 1
1393 1
1394 1
1395 1
1396 1
1397 1
1398 1
1399 1
1400 1
1401 1
1402 1
1403 1
1404 1
1405 1
1406 1
1407 1
1408 1
1409 1
1410 1
1411 1
1412 1
1413 1
1414 1
1415 1
1416 1
1417 1
1418 1
1419 1
1420 1
1421 1
1422 1
1423 1
1424 1
1425 1
1426 1
1427 1
1428 1
1429 1
1430 1
1431 1
1432 1
1433 1
1434 1
1435 1
1436 1
1437 1
1438 1
1439 1
1440 1
1441 1
1442 1
1443 1
1444 1
1445 1
1446 1
1447 1
1448 1
1449 1
1450 1
1451 1
1452 1
1453 1
1454 1
1455 1
1456 1
1457 1
1458 1
1459 1
1460 1
1461 1
1462 1
1463 1
1464 1
1465 1
1466 1
1467 1
1468 1
1469 1
1470 1
1471 1
1472 1
1473 1
1474 1
1475 1
1476 1
1477 1
1478 1
1479 1
1480 1
1481 1
1482 1
1483 1
1484 1
1485 1
1486 1
1487 1
1488 1
1489 1
1490 1
1491 1
1492 1
1493 1
1494 1
1495 1
1496 1
1497 1
1498 1
1499 1
1500 1
1501 1
1502 1
1503 1
1504 1
1505 1
1506 1
1507 1
1508 1
1509 1
1510 1
1511 1
1512 1
1513 1
1514 1
1515 1
1516 1
1517 1
1518 1
1519 1
1520 1
1521 1
1522 1
1523 1
1524 1
1525 1
1526 1
1527 1
1528 1
1529 1
1530 1
1531 1
1532 1
1533 1
1534 1
1535 1
1536 1
1537 1
1538 1
1539 1
1540 1
1541 1
1542 1
1543 1
1544 1
1545 1
1546 1
1547 1
1548 1
1549 1
1550 1
1551 1
1552 1
1553 1
1554 1
1555 1
1556 1
1557 1
1558 1
1559 1
1560 1
1561 1
1562 1
1563 1
1564 1
1565 1
1566 1
1567 1
1568 1
1569 1
1570 1
1571 1
1572 1
1573 1
1574 1
1575 1
1576 1
1577 1
1578 1
1579 1
1580 1
1581 1
1582 1
1583 1
1584 1
1585 1
1586 1
1587 1
1588 1
1589 1
1590 1
1591 1
1592 1
1593 1
1594 1
1595 1
1596 1
1597 1
1598 1
1599 1
1600 1
1601 1
1602 1
1603 1
1604 1
1605 1
1606 1
1607 1
1608 1
1609 1
1610 1
1611 1
1612 1
1613 1
1614 1
1615 1
1616 1
1617 1
1618 1
1619 1
1620 1
1621 1
1622 1
1623 1
1624 1
1625 1
1626 1
1627 1
1628 1
1629 1
1630 1
1631 1
1632 1
1633 1
1634 1
1635 1
1636 1
1637 1
1638 1
1639 1
1640 1
1641 1
1642 1
1643 1
1644 1
1645 1
1646 1
1647 1
1648 1
1649 1
1650 1
1651 1
1652 1
1653 1
1654 1
1655 1
1656 1
1657 1
1658 1
1659 1
1660 1
1661 1
1662 1
1663 1
1664 1
1665 1
1666 1
1667 1
1668 1
1669 1
1670 1
1671 1
1672 1
1673 1
1674 1
1675 1
1676 1
1677 1
1678 1
1679 1
1680 1
1681 1
1682 1
1683 1
1684 1
1685 1
1686 1
1687 1
1688 1
1689 1
1690 1
1691 1
1692 1
1693 1
1694 1
1695 1
1696 1
1697 1
1698 1
1699 1
1700 1
1701 1
1702 1
1703 1
1704 1
1705 1
1706 1
1707 1
1708 1
1709 1
1710 1
1711 1
1712 1
1713 1
1714 1
1715 1
1716 1
1717 1
1718 1
1719 1
1720 1
1721 1
1722 1
1723 1
1724 1
1725 1
1726 1
1727 1
1728 1
1729 1
1730 1
1731 1
1732 1
1733 1
1734 1
1735 1
1736 1
1737 1
1738 1
1739 1
1740 1
1741 1
1742 1
1743 1
1744 1
1745 1
1746 1
1747 1
1748 1
1749 1
1750 1
1751 1
1752 1
1753 1
1754 1
1755 1
1756 1
1757 1
1758 1
1759 1
1760 1
1761 1
1762 1
1763 1
1764 1
1765 1
1766 1
1767 1
1768 1
1769 1
1770 1
1771 1
1772 1
1773 1
1774 1
1775 1
1776 1
1777 1
1778 1
1779 1
1780 1
1781 1
1782 1
1783 1
1784 1
1785 1
1786 1
1787 1
1788 1
1789 1
1790 1
1791 1
1792 1
1793 1
1794 1
1795 1
1796 1
1797 1
1798 1
1799 1
1800 1
1801 1
1802 1
1803 1
1804 1
1805 1
1806 1
1807 1
1808 1
1809 1
1810 1
1811 1
1812 1
1813 1
1814 1
1815 1
1816 1
1817 1
1818 1
1819 1
1820 1
1821 1
1822 1
1823 1
1824 1
1825 1
1826 1
1827 1
1828 1
1829 1
1830 1
1831 1
1832 1
1833 1
1834 1
1835 1
1836 1
1837 1
1838 1
1839 1
1840 1
1841 1
1842 1
1843 1
1844 1
1845 1
1846 1
1847 1
1848 1
1849 1
1850 1
1851 1
1852 1
1853 1
1854 1
1855 1
1856 1
1857 1
1858 1
1859 1
1860 1
1861 1
1862 1
1863 1
1864 1
1865 1
1866 1
1867 1
1868 1
1869 1
1870 1
1871 1
1872 1
1873 1
1874 1
1875 1
1876 1
1877 1
1878 1
1879 1
1880 1
1881 1
1882 1
1883 1
1884 1
1885 1
1886 1
1887 1
1888 1
1889 1
1890 1
1891 1
1892 1
1893 1
1894 1
1895 1
1896 1
1897 1
1898 1
1899 1
1900 1
1901 1
1902 1
1903 1
1904 1
1905 1
1906 1
1907 1
1908 1
1909 1
1910 1
1911 1
1912 1
1913 1
1914 1
1915 1
1916 1
1917 1
1918 1
1919 1
1920 1
1921 1
1922 1
1923 1
1924 1
1925 1
1926 1
1927 1
1928 1
1929 1
1930 1
1931 1
1932 1
1933 1
1934 1
1935 1
1936 1
1937 1
1938 1
1939 1
1940 1
1941 1
1942 1
1943 1
1944 1
1945 1
1946 1
1947 1
1948 1
1949 1
1950 1
1951 1
1952 1
1953 1
1954 1
1955 1
1956 1
1957 1
1958 1
1959 1
1960 1
1961 1
1962 1
1963 1
1964 1
1965 1
1966 1
1967 1
1968 1
1969 1
1970 1
1971 1
1972 1
1973 1
1974 1
1975 1
1976 1
1977 1
1978 1
1979 1
1980 1
1981 1
1982 1
1983 1
1984 1
1985 1
1986 1
1987 1
1988 1
1989 1
1990 1
1991 1
1992 1
1993 1
1994 1
1995 1
1996 1
1997 1
1998 1
1999 1
2000 1
2001 1
2002 1
2003 1
2004 1
2005 1
2006 1
2007 1
2008 1
2009 1
2010 1
2011 1
2012 1
2013 1
2014 1
2015 1
2016 1
2017 1
2018 1
2019 1
2020 1
2021 1
2022 1
2023 1
2024 1
2025 1
2026 1
2027 1
2028 1
2029 1
2030 1
2031 1
2032 1
2033 1
2034 1
2035 1
2036 1
2037 1
2038 1
2039 1
2040 1
2041 1
2042 1
2043 1
2044 1
2045 1
2046 1
2047 1
2048 1
2049 1
2050 1
2051 1
2052 1
2053 1
2054 1
2055 1
2056 1
2057 1
2058 1
2059 1
2060 1
2061 1
2062 1
2063 1
2064 1
2065 1
2066 1
2067 1
2068 1
2069 1
2070 1
2071 1
2072 1
2073 1
2074 1
2075 1
2076 1
2077 1
2078 1
2079 1
2080 1
2081 1
2082 1
2083 1
2084 1
2085 1
2086 1
2087 1
2088 1
2089 1
2090 1
2091 1
2092 1
2093 1
2094 1
2095 1
2096 1
2097 1
2098 1
2099 1
2100 1
2101 1
2102 1
2103 1
2104 1
2105 1
2106 1
2107 1
2108 1
2109 1
2110 1
2111 1
2112 1
2113 1
2114 1
2115 1
2116 1
2117 1
2118 1
2119 1
2120 1
2121 1
2122 1
2123 1
2124 1
2125 1
2126 1
2127 1
2128 1
2129 1
2130 1
2131 1
2132 1
2133 1
2134 1
2135 1
2136 1
2137 1
2138 1
2139 1
2140 1
2141 1
2142 1
2143 1
2144 1
2145 1
2146 1
2147 1
2148 1
2149 1
2150 1
2151 1
2152 1
2153 1
2154 1
2155 1
2156 1
2157 1
2158 1
2159 1
2160 1
2161 1
2162 1
2163 3
2164 3
2165 3
2166 3
2167 3
2168 3
2169 3
2170 3
2171 3
2172 3
2173 3
2174 3
2175 3
2176 3
2177 3
2178 3
2179 3
2180 3
2181 3
2182 3
2183 3
2184 3
2185 3
2186 3
2187 3
2188 3
2189 3
2190 3
2191 3
2192 3
2193 3
2194 3
2195 3
2196 3
2197 3
2198 3
2199 3
2200 3
2201 3
2202 3
2203 3
2204 3
2205 3
2206 3
2207 3
2208 3
2209 3
2210 3
2211 3
2212 3
2213 3
2214 3
2215 3
2216 3
2217 3
2218 3
2219 3
2220 3
2221 3
2222 3
2223 3
2224 3
2225 3
2226 3
2227 3
2228 3
2229 3
2230 3
2231 3
2232 3
2233 3
2234 3
2235 3
2236 3
2237 3
2238 3
2239 3
2240 3
2241 3
2242 3
2243 3
2244 3
2245 3
2246 3
2247 3
2248 3
2249 3
2250 3
2251 3
2252 3
2253 3
2254 3
2255 3
2256 3
2257 3
2258 3
2259 3
2260 3
2261 3
2262 3
2263 3
2264 3
2265 3
2266 3
2267 3
2268 3
2269 3
2270 3
2271 3
2272 3
2273 3
2274 3
2275 3
2276 3
2277 3
2278 3
2279 3
2280 3
2281 3
2282 3
2283 3
2284 3
2285 3
2286 3
2287 3
2288 3
2289 3
2290 3
2291 3
2292 3
2293 3
2294 3
2295 3
2296 3
2297 3
2298 3
2299 3
2300 3
2301 3
2302 3
2303 3
2304 3
2305 3
2306 3
2307 3
2308 3
2309 3
2310 3
2311 3
2312 3
2313 3
2314 3
2315 3
2316 3
2317 3
2318 3
2319 3
2320 3
2321 3
2322 3
2323 3
2324 3
2325 3
2326 3
2327 3
2328 3
2329 3
2330 3
2331 2
2332 2
2333 2
2334 2
2335 2
2336 2
2337 2
2338 2
2339 2
2340 2
2341 2
2342 2
2343 2
2344 2
2345 2
2346 2
2347 2
2348 2
2349 2
2350 2
2351 2
2352 2
2353 2
2354 2
2355 2
2356 2
2357 2
2358 2
2359 2
2360 2
2361 2
2362 2
2363 2
2364 2
2365 2
2366 2
2367 2
2368 2
2369 2
2370 2
2371 2
2372 2
2373 2
2374 2
2375 2
2376 2
2377 2
2378 2
2379 2
2380 2
2381 2
2382 2
2383 2
2384 2
2385 2
2386 2
2387 2
2388 2
2389 2
2390 2
2391 2
2392 2
2393 2
2394 2
2395 2
2396 2
2397 2
2398 2
2399 2
2400 2
2401 2
2402 2
2403 2
2404 2
2405 2
2406 2
2407 2
2408 2
2409 2
2410 2
2411 2
2412 2
2413 2
2414 2
2415 3
2416 3
2417 3
2418 3
2419 3
2420 3
2421 3
2422 3
2423 3
2424 3
2425 3
2426 3
2427 3
2428 3
2429 3
2430 3
2431 3
2432 3
2433 3
2434 3
2435 3
2436 3
2437 3
2438 3
2439 3
2440 3
2441 3
2442 3
2443 3
2444 3
2445 3
2446 3
2447 3
2448 3
2449 3
2450 3
2451 3
2452 3
2453 3
2454 3
2455 3
2456 3
2457 3
2458 3
2459 3
2460 3
2461 3
2462 3
2463 3
2464 3
2465 3
2466 3
2467 3
2468 3
2469 3
2470 3
2471 3
2472 3
2473 3
2474 3
2475 3
2476 3
2477 3
2478 3
2479 3
2480 3
2481 3
2482 3
2483 3
2484 3
2485 3
2486 3
2487 3
2488 3
2489 3
2490 3
2491 3
2492 3
2493 3
2494 3
2495 3
2496 3
2497 3
2498 3
2499 3
2500 3
2501 3
2502 3
2503 3
2504 3
2505 3
2506 3
2507 3
2508 3
2509 3
2510 3
2511 3
2512 3
2513 3
2514 3
2515 3
2516 3
2517 3
2518 3
2519 3
2520 3
2521 3
2522 3
2523 3
2524 3
2525 3
2526 3
2527 3
2528 3
2529 3
2530 3
2531 3
2532 3
2533 3
2534 3
2535 3
2536 3
2537 3
2538 3
2539 3
2540 3
2541 3
2542 3
2543 3
2544 3
2545 3
2546 3
2547 3
2548 3
2549 3
2550 3
2551 3
2552 3
2553 3
2554 3
2555 3
2556 3
2557 3
2558 3
2559 3
2560 3
2561 3
2562 3
2563 3
2564 3
2565 3
2566 3
2567 3
2568 3
2569 3
2570 3
2571 3
2572 3
2573 3
2574 3
2575 3
2576 3
2577 3
2578 3
2579 3
2580 3
2581 3
2582 3
2583 3
2584 3
2585 3
2586 3
2587 3
2588 3
2589 3
2590 3
2591 3
2592 3
2593 3
2594 3
2595 3
2596 3
2597 3
2598 3
2599 3
2600 3
2601 3
2602 3
2603 3
2604 3
2605 3
2606 3
2607 3
2608 3
2609 3
2610 3
2611 3
2612 3
2613 3
2614 3
2615 3
2616 3
2617 3
2618 3
2619 3
2620 3
2621 3
2622 3
2623 3
2624 3
2625 3
2626 3
2627 3
2628 3
2629 3
2630 3
2631 3
2632 3
2633 3
2634 3
2635 3
2636 3
2637 3
2638 3
2639 3
2640 3
2641 3
2642 3
2643 3
2644 3
2645 3
2646 3
2647 3
2648 3
2649 3
2650 3
2651 3
2652 3
2653 3
2654 3
2655 3
2656 3
2657 3
2658 3
2659 3
2660 3
2661 3
2662 3
2663 3
2664 3
2665 3
2666 3
2667 3
2668 3
2669 3
2670 3
2671 3
2672 3
2673 3
2674 3
2675 3
2676 3
2677 3
2678 3
2679 3
2680 3
2681 3
2682 3
2683 3
2684 3
2685 3
2686 3
2687 3
2688 3
2689 3
2690 3
2691 3
2692 3
2693 3
2694 3
2695 3
2696 3
2697 3
2698 3
2699 3
2700 3
2701 3
2702 3
2703 3
2704 3
2705 3
2706 3
2707 3
2708 3
2709 1
2710 1
2711 1
2712 1
2713 1
2714 1
2715 1
2716 1
2717 1
2718 1
2719 1
2720 1
2721 1
2722 1
2723 1
2724 1
2725 1
2726 1
2727 1
2728 1
2729 1
2730 1
2731 1
2732 1
2733 1
2734 1
2735 1
2736 1
2737 1
2738 1
2739 1
2740 1
2741 1
2742 1
2743 1
2744 1
2745 1
2746 1
2747 1
2748 1
2749 1
2750 1
2751 1
2752 1
2753 1
2754 1
2755 1
2756 1
2757 1
2758 1
2759 1
2760 1
2761 1
2762 1
2763 1
2764 1
2765 1
2766 1
2767 1
2768 1
2769 1
2770 1
2771 1
2772 1
2773 1
2774 1
2775 1
2776 1
2777 1
2778 1
2779 1
2780 1
2781 1
2782 1
2783 1
2784 1
2785 1
2786 1
2787 1
2788 1
2789 1
2790 1
2791 1
2792 1
2793 1
2794 1
2795 1
2796 1
2797 1
2798 1
2799 1
2800 1
2801 1
2802 1
2803 1
2804 1
2805 1
2806 1
2807 1
2808 1
2809 1
2810 1
2811 1
2812 1
2813 1
2814 1
2815 1
2816 1
2817 1
2818 1
2819 1
2820 1
2821 1
2822 1
2823 1
2824 1
2825 1
2826 1
2827 1
2828 1
2829 1
2830 1
2831 1
2832 1
2833 1
2834 1
2835 1
2836 1
2837 1
2838 1
2839 1
2840 1
2841 1
2842 1
2843 1
2844 1
2845 1
2846 1
2847 1
2848 1
2849 1
2850 1
2851 1
2852 1
2853 1
2854 1
2855 1
2856 1
2857 1
2858 1
2859 1
2860 1
2861 1
2862 1
2863 1
2864 1
2865 1
2866 1
2867 1
2868 1
2869 1
2870 1
2871 1
2872 1
2873 1
2874 1
2875 1
2876 1
2877 1
2878 1
2879 1
2880 1
2881 1
2882 1
2883 1
2884 1
2885 1
2886 1
2887 1
2888 1
2889 1
2890 1
2891 1
2892 1
2893 1
2894 1
2895 1
2896 1
2897 1
2898 1
2899 1
2900 1
2901 1
2902 1
2903 1
2904 1
2905 1
2906 1
2907 1
2908 1
2909 1
2910 1
2911 1
2912 1
2913 1
2914 1
2915 1
2916 1
2917 1
2918 1
2919 1
2920 1
2921 1
2922 1
2923 1
2924 1
2925 1
2926 1
2927 1
2928 1
2929 1
2930 1
2931 1
2932 1
2933 1
2934 1
2935 1
2936 1
2937 1
2938 1
2939 1
2940 1
2941 1
2942 1
2943 1
2944 1
2945 1
2946 1
2947 1
2948 1
2949 1
2950 1
2951 1
2952 1
2953 1
2954 1
2955 1
2956 1
2957 1
2958 1
2959 1
2960 1
2961 1
2962 1
2963 1
2964 1
2965 1
2966 1
2967 1
2968 1
2969 1
2970 1
2971 1
2972 1
2973 1
2974 1
2975 1
2976 1
2977 1
2978 1
2979 1
2980 1
2981 1
2982 1
2983 1
2984 1
2985 1
2986 1
2987 1
2988 1
2989 1
2990 1
2991 1
2992 1
2993 1
2994 1
2995 1
2996 1
2997 1
2998 1
2999 1
3000 1
3001 1
3002 1
3003 1
3004 1
3005 1
3006 1
3007 1
3008 1
3009 1
3010 1
3011 1
3012 1
3013 1
3014 1
3015 1
3016 1
3017 1
3018 1
3019 1
3020 1
3021 1
3022 1
3023 1
3024 3
3025 3
3026 3
3027 3
3028 3
3029 3
3030 3
3031 3
3032 3
3033 3
3034 3
3035 3
3036 3
3037 3
3038 3
3039 3
3040 3
3041 3
3042 3
3043 3
3044 3
3045 3
3046 3
3047 3
3048 3
3049 3
3050 3
3051 3
3052 3
3053 3
3054 3
3055 3
3056 3
3057 3
3058 3
3059 3
3060 3
3061 3
3062 3
3063 3
3064 3
3065 3
3066 3
3067 3
3068 3
3069 3
3070 3
3071 3
3072 3
3073 3
3074 3
3075 3
3076 3
3077 3
3078 3
3079 3
3080 3
3081 3
3082 3
3083 3
3084 3