1 0
2 0
3 0
4 0
5 0
6 0
7 0
8 0
9 0
10 0
11 0
12 0
13 0
14 0
15 0
16 0
17 0
18 0
19 0
20 0
21 1
22 1
23 1
24 1
25 1
26 1
27 1
28 1
29 1
30 1
31 1
32 1
33 1
34 1
35 1
36 1
37 1
38 1
39 1
40 1
41 1
42 1
43 1
44 1
45 1
46 1
47 1
48 1
49 1
50 1
51 1
52 1
53 1
54 1
55 1
56 1
57 1
58 1
59 1
60 1
61 1
62 1
63 1
64 1
65 1
66 1
67 1
68 1
69 1
70 1
71 1
72 1
73 1
74 1
75 1
76 1
77 1
78 1
79 1
80 1
81 1
82 1
83 1
84 2
85 2
86 2
87 2
88 2
89 2
90 2
91 2
92 2
93 2
94 2
95 2
96 2
97 2
98 2
99 2
100 2
101 2
102 2
103 2
104 2
105 2
106 2
107 2
108 2
109 2
110 2
111 2
112 2
113 2
114 2
115 2
116 2
117 2
118 2
119 2
120 2
121 2
122 2
123 2
124 2
125 2
126 2
127 2
128 2
129 2
130 2
131 2
132 2
133 2
134 2
135 2
136 2
137 2
138 2
139 2
140 2
141 2
142 2
143 2
144 2
145 2
146 2
147 2
148 2
149 2
150 2
151 2
152 2
153 2
154 2
155 2
156 2
157 2
158 2
159 2
160 2
161 2
162 2
163 2
164 2
165 2
166 2
167 2
168 2
169 2
170 2
171 2
172 2
173 2
174 2
175 2
176 2
177 2
178 2
179 2
180 2
181 2
182 2
183 2
184 2
185 2
186 2
187 2
188 2
189 2
190 2
191 2
192 2
193 2
194 2
195 2
196 2
197 2
198 2
199 2
200 2
201 2
202 2
203 2
204 2
205 2
206 2
207 2
208 2
209 2
210 2
211 2
212 2
213 2
214 2
215 2
216 2
217 2
218 2
219 2
220 2
221 2
222 2
223 2
224 2
225 2
226 2
227 2
228 2
229 2
230 2
231 2
232 2
233 2
234 2
235 2
236 2
237 2
238 2
239 2
240 2
241 2
242 2
243 2
244 2
245 2
246 2
247 2
248 2
249 2
250 2
251 2
252 2
253 2
254 2
255 2
256 2
257 2
258 2
259 2
260 2
261 2
262 2
263 2
264 2
265 2
266 2
267 2
268 2
269 2
270 2
271 2
272 2
273 2
274 2
275 2
276 2
277 2
278 2
279 2
280 2
281 2
282 2
283 2
284 2
285 2
286 2
287 2
288 2
289 2
290 2
291 2
292 2
293 2
294 2
295 2
296 2
297 2
298 2
299 2
300 2
301 2
302 2
303 2
304 2
305 2
306 2
307 2
308 2
309 2
310 2
311 2
312 2
313 2
314 2
315 2
316 2
317 2
318 2
319 2
320 2
321 2
322 2
323 2
324 2
325 2
326 2
327 2
328 2
329 2
330 2
331 2
332 2
333 2
334 2
335 2
336 2
337 2
338 2
339 2
340 2
341 2
342 2
343 2
344 2
345 2
346 2
347 2
348 2
349 2
350 2
351 2
352 2
353 2
354 2
355 2
356 2
357 2
358 2
359 2
360 2
361 2
362 2
363 2
364 2
365 2
366 2
367 2
368 2
369 2
370 2
371 2
372 2
373 2
374 2
375 2
376 2
377 2
378 2
379 2
380 2
381 2
382 2
383 2
384 2
385 2
386 2
387 2
388 2
389 2
390 2
391 2
392 2
393 2
394 2
395 2
396 2
397 2
398 2
399 2
400 2
401 2
402 2
403 2
404 2
405 2
406 2
407 2
408 2
409 2
410 2
411 2
412 2
413 2
414 2
415 2
416 2
417 2
418 2
419 2
420 2
421 2
422 2
423 2
424 2
425 2
426 2
427 2
428 2
429 2
430 2
431 2
432 2
433 2
434 2
435 2
436 2
437 2
438 2
439 2
440 2
441 2
442 2
443 2
444 2
445 2
446 2
447 2
448 2
449 2
450 2
451 2
452 2
453 2
454 2
455 2
456 2
457 2
458 2
459 2
460 2
461 2
462 2
463 2
464 2
465 2
466 2
467 2
468 2
469 2
470 2
471 2
472 2
473 2
474 2
475 2
476 2
477 2
478 2
479 2
480 2
481 2
482 2
483 2
484 2
485 2
486 2
487 2
488 2
489 2
490 2
491 2
492 2
493 2
494 2
495 2
496 2
497 2
498 2
499 2
500 2
501 2
502 2
503 2
504 2
505 2
506 2
507 2
508 2
509 2
510 2
511 2
512 2
513 2
514 2
515 2
516 2
517 2
518 2
519 2
520 2
521 2
522 2
523 2
524 2
525 2
526 2
527 2
528 2
529 2
530 2
531 2
532 2
533 2
534 2
535 2
536 2
537 2
538 2
539 2
540 2
541 2
542 2
543 2
544 2
545 2
546 3
547 3
548 3
549 3
550 3
551 3
552 3
553 3
554 3
555 3
556 3
557 3
558 3
559 3
560 3
561 3
562 3
563 3
564 3
565 3
566 3
567 3
568 3
569 3
570 3
571 3
572 3
573 3
574 3
575 3
576 3
577 3
578 3
579 3
580 3
581 3
582 3
583 3
584 3
585 3
586 3
587 3
588 3
589 3
590 3
591 3
592 3
593 3
594 3
595 3
596 3
597 3
598 3
599 3
600 3
601 3
602 3
603 3
604 3
605 3
606 3
607 3
608 3
609 5
610 5
611 5
612 5
613 5
614 5
615 5
616 5
617 5
618 5
619 5
620 5
621 5
622 5
623 5
624 5
625 5
626 5
627 5
628 5
629 5
630 5
631 5
632 5
633 5
634 5
635 5
636 5
637 5
638 5
639 5
640 5
641 5
642 5
643 5
644 5
645 5
646 5
647 5
648 5
649 5
650 5
651 5
652 5
653 5
654 5
655 5
656 5
657 5
658 5
659 5
660 5
661 5
662 5
663 5
664 5
665 5
666 5
667 5
668 5
669 5
670 5
671 5
672 5
673 5
674 5
675 5
676 5
677 5
678 5
679 5
680 5
681 5
682 5
683 5
684 5
685 5
686 5
687 5
688 5
689 5
690 5
691 5
692 5
693 5
694 5
695 5
696 5
697 5
698 5
699 5
700 5
701 5
702 5
703 5
704 5
705 5
706 5
707 5
708 5
709 5
710 5
711 5
712 5
713 5
714 5
715 5
716 5
717 5
718 5
719 5
720 5
721 5
722 5
723 5
724 5
725 5
726 5
727 5
728 5
729 5
730 5
731 5
732 5
733 5
734 5
735 5
736 5
737 5
738 5
739 5
740 5
741 5
742 5
743 5
744 5
745 5
746 5
747 5
748 5
749 5
750 5
751 5
752 5
753 5
754 5
755 5
756 1
757 1
758 1
759 1
760 1
761 1
762 1
763 1
764 1
765 1
766 1
767 1
768 1
769 1
770 1
771 1
772 1
773 1
774 1
775 1
776 1
777 1
778 1
779 1
780 1
781 1
782 1
783 1
784 1
785 1
786 1
787 1
788 1
789 1
790 1
791 1
792 1
793 1
794 1
795 1
796 1
797 1
798 1
799 1
800 1
801 1
802 1
803 1
804 1
805 1
806 1
807 1
808 1
809 1
810 1
811 1
812 1
813 1
814 1
815 1
816 1
817 1
818 1
819 1
820 1
821 1
822 1
823 1
824 1
825 1
826 1
827 1
828 1
829 1
830 1
831 1
832 1
833 1
834 1
835 1
836 1
837 1
838 1
839 1
840 1
841 1
842 1
843 1
844 1
845 1
846 1
847 1
848 1
849 1
850 1
851 1
852 1
853 1
854 1
855 1
856 1
857 1
858 1
859 1
860 1
861 1
862 1
863 1
864 1
865 1
866 1
867 1
868 1
869 1
870 1
871 1
872 1
873 1
874 1
875 1
876 1
877 1
878 1
879 1
880 1
881 1
882 1
883 1
884 1
885 1
886 1
887 1
888 1
889 1
890 1
891 1
892 1
893 1
894 1
895 1
896 1
897 1
898 1
899 1
900 1
901 1
902 1
903 4
904 4
905 4
906 4
907 4
908 4
909 4
910 4
911 4
912 4
913 4
914 4
915 4
916 4
917 4
918 4
919 4
920 4
921 4
922 4
923 4
924 4
925 4
926 4
927 4
928 4
929 4
930 4
931 4
932 4
933 4
934 4
935 4
936 4
937 4
938 4
939 4
940 4
941 4
942 4
943 4
944 4
945 4
946 4
947 4
948 4
949 4
950 4
951 4
952 4
953 4
954 4
955 4
956 4
957 4
958 4
959 4
960 4
961 4
962 4
963 4
964 4
965 4
966 4
967 4
968 4
969 4
970 4
971 4
972 4
973 4
974 4
975 4
976 4
977 4
978 4
979 4
980 4
981 4
982 4
983 4
984 4
985 4
986 4
987 4
988 4
989 4
990 4
991 4
992 4
993 4
994 4
995 4
996 4
997 4
998 4
999 4
1000 4
1001 4
1002 4
1003 4
1004 4
1005 4
1006 4
1007 4
1008 4
1009 4
1010 4
1011 4
1012 4
1013 4
1014 4
1015 4
1016 4
1017 4
1018 4
1019 4
1020 4
1021 4
1022 4
1023 4
1024 4
1025 4
1026 4
1027 4
1028 4
1029 4
1030 4
1031 4
1032 4
1033 4
1034 4
1035 4
1036 4
1037 4
1038 4
1039 4
1040 4
1041 4
1042 4
1043 4
1044 4
1045 4
1046 4
1047 4
1048 4
1049 4
1050 3
1051 3
1052 3
1053 3
1054 3
1055 3
1056 3
1057 3
1058 3
1059 3
1060 3
1061 3
1062 3
1063 3
1064 3
1065 3
1066 3
1067 3
1068 3
1069 3
1070 3
1071 3
1072 3
1073 3
1074 3
1075 3
1076 3
1077 3
1078 3
1079 3
1080 3
1081 3
1082 3
1083 3
1084 3
1085 3
1086 3
1087 3
1088 3
1089 3
1090 3
1091 3
1092 3
1093 3
1094 3
1095 3
1096 3
1097 3
1098 3
1099 3
1100 3
1101 3
1102 3
1103 3
1104 3
1105 3
1106 3
1107 3
1108 3
1109 3
1110 3
1111 3
1112 3
1113 3
1114 3
1115 3
1116 3
1117 3
1118 3
1119 3
1120 3
1121 3
1122 3
1123 3
1124 3
1125 3
1126 3
1127 3
1128 3
1129 3
1130 3
1131 3
1132 3
1133 3
1134 3
1135 3
1136 3
1137 3
1138 3
1139 3
1140 3
1141 3
1142 3
1143 3
1144 3
1145 3
1146 3
1147 3
1148 3
1149 3
1150 3
1151 3
1152 3
1153 3
1154 3
1155 3
1156 3
1157 3
1158 3
1159 3
1160 3
1161 3
1162 3
1163 3
1164 3
1165 3
1166 3
1167 3
1168 3
1169 3
1170 3
1171 3
1172 3
1173 3
1174 3
1175 3
1176 3
1177 3
1178 3
1179 3
1180 3
1181 3
1182 3
1183 3
1184 3
1185 3
1186 3
1187 3
1188 3
1189 3
1190 3
1191 3
1192 3
1193 3
1194 3
1195 3
1196 3
1197 3
1198 3
1199 3
1200 3
1201 3
1202 3
1203 3
1204 3
1205 3
1206 3
1207 3
1208 3
1209 3
1210 3
1211 3
1212 3
1213 3
1214 3
1215 3
1216 3
1217 3
1218 3
1219 3
1220 3
1221 3
1222 3
1223 3
1224 3
1225 3
1226 3
1227 3
1228 3
1229 3
1230 3
1231 3
1232 3
1233 3
1234 3
1235 3
1236 3
1237 3
1238 3
1239 3
1240 3
1241 3
1242 3
1243 3
1244 3
1245 3
1246 3
1247 3
1248 3
1249 3
1250 3
1251 3
1252 3
1253 3
1254 3
1255 3
1256 3
1257 3
1258 3
1259 3
1260 3
1261 3
1262 3
1263 3
1264 3
1265 3
1266 3
1267 3
1268 3
1269 3
1270 3
1271 3
1272 3
1273 3
1274 3
1275 3
1276 3
1277 3
1278 3
1279 3
1280 3
1281 3
1282 3
1283 3
1284 3
1285 3
1286 3
1287 3
1288 3
1289 3
1290 3
1291 3
1292 3
1293 3
1294 3
1295 3
1296 3
1297 3
1298 3
1299 3
1300 3
1301 3
1302 3
1303 3
1304 3
1305 3
1306 3
1307 3
1308 3
1309 3
1310 3
1311 3
1312 3
1313 3
1314 3
1315 3
1316 3
1317 3
1318 3
1319 3
1320 3
1321 3
1322 3
1323 3
1324 3
1325 3
1326 3
1327 3
1328 3
1329 3
1330 3
1331 3
1332 3
1333 3
1334 3
1335 3
1336 3
1337 3
1338 3
1339 3
1340 3
1341 3
1342 3
1343 3
1344 3
1345 3
1346 3
1347 3
1348 3
1349 3
1350 3
1351 3
1352 3
1353 3
1354 3
1355 3
1356 3
1357 3
1358 3
1359 3
1360 3
1361 3
1362 3
1363 3
1364 3
1365 3
1366 3
1367 3
1368 3
1369 3
1370 3
1371 3
1372 3
1373 3
1374 3
1375 3
1376 3
1377 3
1378 3
1379 3
1380 3
1381 3
1382 3
1383 3
1384 3
1385 3
1386 4
1387 4
1388 4
1389 4
1390 4
1391 4
1392 4
1393 4
1394 4
1395 4
1396 4
1397 4
1398 4
1399 4
1400 4
1401 4
1402 4
1403 4
1404 4
1405 4
1406 4
1407 4
1408 4
1409 4
1410 4
1411 4
1412 4
1413 4
1414 4
1415 4
1416 4
1417 4
1418 4
1419 4
1420 4
1421 4
1422 4
1423 4
1424 4
1425 4
1426 4
1427 4
1428 4
1429 4
1430 4
1431 4
1432 4
1433 4
1434 4
1435 4
1436 4
1437 4
1438 4
1439 4
1440 4
1441 4
1442 4
1443 4
1444 4
1445 4
1446 4
1447 4
1448 4
1449 4
1450 4
1451 4
1452 4
1453 4
1454 4
1455 4
1456 4
1457 4
1458 4
1459 4
1460 4
1461 4
1462 4
1463 4
1464 4
1465 4
1466 4
1467 4
1468 4
1469 4
1470 4
1471 4
1472 4
1473 4
1474 4
1475 4
1476 4
1477 4
1478 4
1479 4
1480 4
1481 4
1482 4
1483 4
1484 4
1485 4
1486 4
1487 4
1488 4
1489 4
1490 4
1491 4
1492 4
1493 4
1494 4
1495 4
1496 4
1497 4
1498 4
1499 4
1500 4
1501 4
1502 4
1503 4
1504 4
1505 4
1506 4
1507 4
1508 4
1509 4
1510 4
1511 4
1512 1
1513 1
1514 1
1515 1
1516 1
1517 1
1518 1
1519 1
1520 1
1521 1
1522 1
1523 1
1524 1
1525 1
1526 1
1527 1
1528 1
1529 1
1530 1
1531 1
1532 1
1533 1
1534 1
1535 1
1536 1
1537 1
1538 1
1539 1
1540 1
1541 1
1542 1
1543 1
1544 1
1545 1
1546 1
1547 1
1548 1
1549 1
1550 1
1551 1
1552 1
1553 1
1554 1
1555 1
1556 1
1557 1
1558 1
1559 1
1560 1
1561 1
1562 1
1563 1
1564 1
1565 1
1566 1
1567 1
1568 1
1569 1
1570 1
1571 1
1572 1
1573 1
1574 1
1575 1
1576 1
1577 1
1578 1
1579 1
1580 1
1581 1
1582 1
1583 1
1584 1
1585 1
1586 1
1587 1
1588 1
1589 1
1590 1
1591 1
1592 1
1593 1
1594 1
1595 1
1596 1
1597 1
1598 1
1599 1
1600 1
1601 1
1602 1
1603 1
1604 1
1605 1
1606 1
1607 1
1608 1
1609 1
1610 1
1611 1
1612 1
1613 1
1614 1
1615 1
1616 1
1617 1
1618 1
1619 1
1620 1
1621 1
1622 1
1623 1
1624 1
1625 1
1626 1
1627 1
1628 1
1629 1
1630 1
1631 1
1632 1
1633 1
1634 1
1635 1
1636 1
1637 1
1638 1
1639 1
1640 1
1641 1
1642 1
1643 1
1644 1
1645 1
1646 1
1647 1
1648 1
1649 1
1650 1
1651 1
1652 1
1653 1
1654 1
1655 1
1656 1
1657 1
1658 1
1659 1
1660 1
1661 1
1662 1
1663 1
1664 1
1665 1
1666 1
1667 1
1668 1
1669 1
1670 1
1671 1
1672 1
1673 1
1674 1
1675 1
1676 1
1677 1
1678 1
1679 1
1680 1
1681 1
1682 1
1683 1
1684 1
1685 1
1686 1
1687 1
1688 1
1689 1
1690 1
1691 1
1692 1
1693 1
1694 1
1695 1
1696 1
1697 1
1698 1
1699 1
1700 1
1701 5
1702 5
1703 5
1704 5
1705 5
1706 5
1707 5
1708 5
1709 5
1710 5
1711 5
1712 5
1713 5
1714 5
1715 5
1716 5
1717 5
1718 5
1719 5
1720 5
1721 5
1722 5
1723 5
1724 5
1725 5
1726 5
1727 5
1728 5
1729 5
1730 5
1731 5
1732 5
1733 5
1734 5
1735 5
1736 5
1737 5
1738 5
1739 5
1740 5
1741 5
1742 5
1743 5
1744 5
1745 5
1746 5
1747 5
1748 5
1749 5
1750 5
1751 5
1752 5
1753 5
1754 5
1755 5
1756 5
1757 5
1758 5
1759 5
1760 5
1761 5
1762 5
1763 5
1764 5
1765 5
1766 5
1767 5
1768 5
1769 5
1770 5
1771 5
1772 5
1773 5
1774 5
1775 5
1776 5
1777 5
1778 5
1779 5
1780 5
1781 5
1782 5
1783 5
1784 5
1785 5
1786 5
1787 5
1788 5
1789 5
1790 5
1791 5
1792 5
1793 5
1794 5
1795 5
1796 5
1797 5
1798 5
1799 5
1800 5
1801 5
1802 5
1803 5
1804 5
1805 5
1806 5
1807 5
1808 5
1809 5
1810 5
1811 5
1812 5
1813 5
1814 5
1815 5
1816 5
1817 5
1818 5
1819 5
1820 5
1821 5
1822 5
1823 5
1824 5
1825 5
1826 5
1827 5
1828 5
1829 5
1830 5
1831 5
1832 5
1833 5
1834 5
1835 5
1836 5
1837 5
1838 5
1839 5
1840 5
1841 5
1842 5
1843 5
1844 5
1845 5
1846 5
1847 5
1848 5
1849 5
1850 5
1851 5
1852 5
1853 5
1854 5
1855 5
1856 5
1857 5
1858 5
1859 5
1860 5
1861 5
1862 5
1863 5
1864 5
1865 5
1866 5
1867 5
1868 5
1869 5
1870 5
1871 5
1872 5
1873 5
1874 5
1875 5
1876 5
1877 5
1878 5
1879 5
1880 5
1881 5
1882 5
1883 5
1884 5
1885 5
1886 5
1887 5
1888 5
1889 5
1890 5
1891 5
1892 5
1893 5
1894 5
1895 5
1896 5
1897 5
1898 5
1899 5
1900 5
1901 5
1902 5
1903 5
1904 5
1905 5
1906 5
1907 5
1908 5
1909 5
1910 5
1911 5
1912 5
1913 5
1914 5
1915 5
1916 5
1917 5
1918 5
1919 5
1920 5
1921 5
1922 5
1923 5
1924 5
1925 5
1926 5
1927 5
1928 5
1929 5
1930 5
1931 5
1932 5
1933 5
1934 5
1935 5
1936 5
1937 5
1938 5
1939 5
1940 5
1941 5
1942 5
1943 5
1944 5
1945 5
1946 5
1947 5
1948 5
1949 5
1950 5
1951 5
1952 5
1953 4
1954 4
1955 4
1956 4
1957 4
1958 4
1959 4
1960 4
1961 4
1962 4
1963 4
1964 4
1965 4
1966 4
1967 4
1968 4
1969 4
1970 4
1971 4
1972 4
1973 4
1974 4
1975 4
1976 4
1977 4
1978 4
1979 4
1980 4
1981 4
1982 4
1983 4
1984 4
1985 4
1986 4
1987 4
1988 4
1989 4
1990 4
1991 4
1992 4
1993 4
1994 4
1995 4
1996 4
1997 4
1998 4
1999 4
2000 4
2001 4
2002 4
2003 4
2004 4
2005 4
2006 4
2007 4
2008 4
2009 4
2010 4
2011 4
2012 4
2013 4
2014 4
2015 4
2016 4
2017 4
2018 4
2019 4
2020 4
2021 4
2022 4
2023 4
2024 4
2025 4
2026 4
2027 4
2028 4
2029 4
2030 4
2031 4
2032 4
2033 4
2034 4
2035 4
2036 4
2037 4
2038 4
2039 4
2040 4
2041 4
2042 4
2043 4
2044 4
2045 4
2046 4
2047 4
2048 4
2049 4
2050 4
2051 4
2052 4
2053 4
2054 4
2055 4
2056 4
2057 4
2058 4
2059 4
2060 4
2061 4
2062 4
2063 4
2064 4
2065 4
2066 4
2067 4
2068 4
2069 4
2070 4
2071 4
2072 4
2073 4
2074 4
2075 4
2076 4
2077 4
2078 4
2079 4
2080 4
2081 4
2082 4
2083 4
2084 4
2085 4
2086 4
2087 4
2088 4
2089 4
2090 4
2091 4
2092 4
2093 4
2094 4
2095 4
2096 4
2097 4
2098 4
2099 4
2100 4
2101 4
2102 4
2103 4
2104 4
2105 4
2106 4
2107 4
2108 4
2109 4
2110 4
2111 4
2112 4
2113 4
2114 4
2115 4
2116 4
2117 4
2118 4
2119 4
2120 4
2121 4
2122 4
2123 4
2124 4
2125 4
2126 4
2127 4
2128 4
2129 4
2130 4
2131 4
2132 4
2133 4
2134 4
2135 4
2136 4
2137 4
2138 4
2139 4
2140 4
2141 4
2142 4
2143 4
2144 4
2145 4
2146 4
2147 4
2148 4
2149 4
2150 4
2151 4
2152 4
2153 4
2154 4
2155 4
2156 4
2157 4
2158 4
2159 4
2160 4
2161 4
2162 4
2163 1
2164 1
2165 1
2166 1
2167 1
2168 1
2169 1
2170 1
2171 1
2172 1
2173 1
2174 1
2175 1
2176 1
2177 1
2178 1
2179 1
2180 1
2181 1
2182 1
2183 1
2184 1
2185 1
2186 1
2187 1
2188 1
2189 1
2190 1
2191 1
2192 1
2193 1
2194 1
2195 1
2196 1
2197 1
2198 1
2199 1
2200 1
2201 1
2202 1
2203 1
2204 1
2205 1
2206 1
2207 1
2208 1
2209 1
2210 1
2211 1
2212 1
2213 1
2214 1
2215 1
2216 1
2217 1
2218 1
2219 1
2220 1
2221 1
2222 1
2223 1
2224 1
2225 1
2226 1
2227 1
2228 1
2229 1
2230 1
2231 1
2232 1
2233 1
2234 1
2235 1
2236 1
2237 1
2238 1
2239 1
2240 1
2241 1
2242 1
2243 1
2244 1
2245 1
2246 1
2247 1
2248 1
2249 1
2250 1
2251 1
2252 1
2253 1
2254 1
2255 1
2256 1
2257 1
2258 1
2259 1
2260 1
2261 1
2262 1
2263 1
2264 1
2265 1
2266 1
2267 1
2268 1
2269 1
2270 1
2271 1
2272 1
2273 1
2274 1
2275 1
2276 1
2277 1
2278 1
2279 1
2280 1
2281 1
2282 1
2283 1
2284 1
2285 1
2286 1
2287 1
2288 1
2289 1
2290 1
2291 1
2292 1
2293 1
2294 1
2295 1
2296 1
2297 1
2298 1
2299 1
2300 1
2301 1
2302 1
2303 1
2304 1
2305 1
2306 1
2307 1
2308 1
2309 1
2310 1
2311 1
2312 1
2313 1
2314 1
2315 1
2316 1
2317 1
2318 1
2319 1
2320 1
2321 1
2322 1
2323 1
2324 1
2325 1
2326 1
2327 1
2328 1
2329 1
2330 1
2331 1
2332 1
2333 1
2334 1
2335 1
2336 1
2337 1
2338 1
2339 1
2340 1
2341 1
2342 1
2343 1
2344 1
2345 1
2346 1
2347 1
2348 1
2349 1
2350 1
2351 1
2352 3
2353 3
2354 3
2355 3
2356 3
2357 3
2358 3
2359 3
2360 3
2361 3
2362 3
2363 3
2364 3
2365 3
2366 3
2367 3
2368 3
2369 3
2370 3
2371 3
2372 3
2373 1
2374 1
2375 1
2376 1
2377 1
2378 1
2379 1
2380 1
2381 1
2382 1
2383 1
2384 1
2385 1
2386 1
2387 1
2388 1
2389 1
2390 1
2391 1
2392 1
2393 1
2394 1
2395 1
2396 1
2397 1
2398 1
2399 1
2400 1
2401 1
2402 1
2403 1
2404 1
2405 1
2406 1
2407 1
2408 1
2409 1
2410 1
2411 1
2412 1
2413 1
2414 1
2415 1
2416 1
2417 1
2418 1
2419 1
2420 1
2421 1
2422 1
2423 1
2424 1
2425 1
2426 1
2427 1
2428 1
2429 1
2430 1
2431 1
2432 1
2433 1
2434 1
2435 1
2436 4
2437 4
2438 4
2439 4
2440 4
2441 4
2442 4
2443 4
2444 4
2445 4
2446 4
2447 4
2448 4
2449 4
2450 4
2451 4
2452 4
2453 4
2454 4
2455 4
2456 4
2457 4
2458 4
2459 4
2460 4
2461 4
2462 4
2463 4
2464 4
2465 4
2466 4
2467 4
2468 4
2469 4
2470 4
2471 4
2472 4
2473 4
2474 4
2475 4
2476 4
2477 4
2478 4
2479 4
2480 4
2481 4
2482 4
2483 4
2484 4
2485 4
2486 4
2487 4
2488 4
2489 4
2490 4
2491 4
2492 4
2493 4
2494 4
2495 4
2496 4
2497 4
2498 4
2499 4
2500 4
2501 4
2502 4
2503 4
2504 4
2505 4
2506 4
2507 4
2508 4
2509 4
2510 4
2511 4
2512 4
2513 4
2514 4
2515 4
2516 4
2517 4
2518 4
2519 4
2520 4
2521 4
2522 4
2523 4
2524 4
2525 4
2526 4
2527 4
2528 4
2529 4
2530 4
2531 4
2532 4
2533 4
2534 4
2535 4
2536 4
2537 4
2538 4
2539 4
2540 4
2541 4
2542 4
2543 4
2544 4
2545 4
2546 4
2547 4
2548 4
2549 4
2550 4
2551 4
2552 4
2553 4
2554 4
2555 4
2556 4
2557 4
2558 4
2559 4
2560 4
2561 4
2562 4
2563 4
2564 4
2565 4
2566 4
2567 4
2568 4
2569 4
2570 4
2571 4
2572 4
2573 4
2574 4
2575 4
2576 4
2577 4
2578 4
2579 4
2580 4
2581 4
2582 4
2583 1
2584 1
2585 1
2586 1
2587 1
2588 1
2589 1
2590 1
2591 1
2592 1
2593 1
2594 1
2595 1
2596 1
2597 1
2598 1
2599 1
2600 1
2601 1
2602 1
2603 1
2604 1
2605 1
2606 1
2607 1
2608 1
2609 1
2610 1
2611 1
2612 1
2613 1
2614 1
2615 1
2616 1
2617 1
2618 1
2619 1
2620 1
2621 1
2622 1
2623 1
2624 1
2625 1
2626 1
2627 1
2628 1
2629 1
2630 1
2631 1
2632 1
2633 1
2634 1
2635 1
2636 1
2637 1
2638 1
2639 1
2640 1
2641 1
2642 1
2643 1
2644 1
2645 1
2646 1
2647 1
2648 1
2649 1
2650 1
2651 1
2652 1
2653 1
2654 1
2655 1
2656 1
2657 1
2658 1
2659 1
2660 1
2661 1
2662 1
2663 1
2664 1
2665 1
2666 1
2667 1
2668 1
2669 1
2670 1
2671 1
2672 1
2673 1
2674 1
2675 1
2676 1
2677 1
2678 1
2679 1
2680 1
2681 1
2682 1
2683 1
2684 1
2685 1
2686 1
2687 1
2688 1
2689 1
2690 1
2691 1
2692 1
2693 1
2694 1
2695 1
2696 1
2697 1
2698 1
2699 1
2700 1
2701 1
2702 1
2703 1
2704 1
2705 1
2706 1
2707 1
2708 1
2709 1
2710 1
2711 1
2712 1
2713 1
2714 1
2715 1
2716 1
2717 1
2718 1
2719 1
2720 1
2721 1
2722 1
2723 1
2724 1
2725 1
2726 1
2727 1
2728 1
2729 1
2730 1
2731 1
2732 1
2733 1
2734 1
2735 1
2736 1
2737 1
2738 1
2739 1
2740 1
2741 1
2742 1
2743 1
2744 1
2745 1
2746 1
2747 1
2748 1
2749 1
2750 1
2751 1
2752 1
2753 1
2754 1
2755 1
2756 1
2757 1
2758 1
2759 1
2760 1
2761 1
2762 1
2763 1
2764 1
2765 1
2766 1
2767 1
2768 1
2769 1
2770 1
2771 1
2772 1
2773 1
2774 1
2775 1
2776 1
2777 1
2778 1
2779 1
2780 1
2781 1
2782 1
2783 1
2784 1
2785 1
2786 1
2787 1
2788 1
2789 1
2790 1
2791 1
2792 1
2793 1
2794 1
2795 1
2796 1
2797 1
2798 1
2799 1
2800 1
2801 1
2802 1
2803 1
2804 1
2805 1
2806 1
2807 1
2808 1
2809 1
2810 1
2811 1
2812 1
2813 1
2814 1
2815 1
2816 1
2817 1
2818 1
2819 1
2820 1
2821 1
2822 1
2823 1
2824 1
2825 1
2826 1
2827 1
2828 1
2829 1
2830 1
2831 1
2832 1
2833 1
2834 1
2835 1
2836 1
2837 1
2838 1
2839 1
2840 1
2841 1
2842 1
2843 1
2844 1
2845 1
2846 1
2847 1
2848 1
2849 1
2850 1
2851 1
2852 1
2853 1
2854 1
2855 1
2856 1
2857 1
2858 1
2859 1
2860 1
2861 1
2862 1
2863 1
2864 1
2865 1
2866 1
2867 1
2868 1
2869 1
2870 1
2871 1
2872 1
2873 1
2874 1
2875 1
2876 1
2877 1
2878 1
2879 1
2880 1
2881 1
2882 1
2883 1
2884 1
2885 1
2886 1
2887 1
2888 1
2889 1
2890 1
2891 1
2892 1
2893 1
2894 1
2895 1
2896 1
2897 1
2898 1
2899 1
2900 1
2901 1
2902 1
2903 1
2904 1
2905 1
2906 1
2907 1
2908 1
2909 1
2910 1
2911 1
2912 1
2913 1
2914 1
2915 1
2916 1
2917 1
2918 1
2919 1
2920 1
2921 1
2922 1
2923 1
2924 1
2925 1
2926 1
2927 1
2928 1
2929 1
2930 1
2931 1
2932 1
2933 1
2934 1
2935 1
2936 1
2937 1
2938 1
2939 1
2940 1
2941 1
2942 1
2943 1
2944 1
2945 1
2946 1
2947 1
2948 1
2949 1
2950 1
2951 1
2952 1
2953 1
2954 1
2955 1
2956 1
2957 1
2958 1
2959 1
2960 1
2961 1
2962 1
2963 1
2964 1
2965 1
2966 1
2967 1
2968 1
2969 1
2970 1
2971 1
2972 1
2973 1
2974 1
2975 1
2976 1
2977 1
2978 1
2979 1
2980 1
2981 1
2982 1
2983 1
2984 1
2985 1
2986 1
2987 1
2988 1
2989 1
2990 1
2991 1
2992 1
2993 1
2994 1
2995 1
2996 1
2997 1
2998 1
2999 1
3000 1
3001 1
3002 1
3003 1
3004 1
3005 1
3006 1
3007 1
3008 1
3009 1
3010 1
3011 1
3012 1
3013 1
3014 1
3015 1
3016 1
3017 1
3018 1
3019 1
3020 1
3021 1
3022 1
3023 1
3024 1
3025 1
3026 1
3027 1
3028 1
3029 1
3030 1
3031 1
3032 1
3033 1
3034 1
3035 1
3036 1
3037 1
3038 1
3039 1
3040 1
3041 1
3042 1
3043 1
3044 1
3045 1
3046 1
3047 1
3048 1
3049 1
3050 1
3051 1
3052 1
3053 1
3054 1
3055 1
3056 1
3057 1
3058 1
3059 1
3060 1
3061 1
3062 1
3063 1
3064 1
3065 1
3066 1
3067 1
3068 1
3069 1
3070 1
3071 1
3072 1
3073 1
3074 1
3075 1
3076 1
3077 1
3078 1
3079 1
3080 1
3081 1
3082 1
3083 1
3084 1