2156 4
7851 1
15604 1
18803 1
22102 2
23553 3
25101 1
29505 1
32604 5
33751 1
35202 5
36503 1
38203 4
39004 3
39255 1
40052 1
41101 2
42301 2
44352 2
46253 2
47901 2
51801 2
53958 1
56408 2
58054 3
62752 2
66051 2
66902 3
67955 3
69204 3
70151 2
70502 5
71155 2
71852 3
74105 2
76054 5
77060 1
77702 4
78702 2
80105 1
80702 1
81104 4
81601 3
84002 3
89201 3
91655 3
99352 3
106702 3
108852 3
113952 3
120454 3
121451 4
122351 4
123203 4
126302 4
129101 4
133053 4
136354 4
143153 4
148103 3
152055 4
154301 4
156601 4
