7551 1
9660 2
10551 2
17101 1
18301 1
20504 3
22401 1
28201 4
36904 1
38252 3
39152 1
41455 1
43553 2
45604 2
47252 4
49704 5
51903 4
54251 2
57254 1
58201 2
61353 2
62952 1
64203 1
65903 4
66554 2
68905 3
71951 2
73652 2
77701 1
79753 1
80904 3
81453 1
85455 3
86402 3
88001 3
89451 3
90603 3
91302 3
93252 3
96207 2
98452 3
104003 3
108802 1
115004 3
117552 2
119304 2
121055 2
122555 2
123307 3
124402 5
126351 4
127951 4
130057 4
131201 4
131856 4
134251 4
135001 1
137501 2
142351 4
145002 4
148855 4
150652 1
153502 4
155402 5
158802 4
