3353 1
8402 1
13251 3
16057 1
18301 1
20651 3
21804 1
25053 1
26552 1
30601 4
34702 3
36053 1
37153 1
38051 1
41653 1
43851 2
45851 2
47658 2
48703 1
49155 4
50706 2
51610 2
54051 2
57804 2
59757 3
60952 2
62652 3
65006 2
65803 1
67602 5
69553 2
75653 2
84452 3
89002 3
91851 3
95351 3
97302 3
98553 3
99601 3
99712 2
99855 2
100654 3
104404 4
108702 3
110401 3
112803 3
117002 2
118551 3
121205 4
123601 4
124953 4
125953 3
127651 4
129903 4
133604 4
137154 4
140053 2
142004 5
143153 1
144001 3
144701 1
145654 4
146605 4
147954 4
150851 2
152357 4
153201 4
153805 4
156056 1
159602 4
