1 0
2 0
3 0
4 0
5 0
6 0
7 0
8 0
9 0
10 0
11 0
12 0
13 0
14 0
15 0
16 0
17 0
18 0
19 0
20 0
21 3
22 3
23 3
24 3
25 3
26 3
27 3
28 3
29 3
30 3
31 3
32 3
33 3
34 3
35 3
36 3
37 3
38 3
39 3
40 3
41 3
42 3
43 3
44 3
45 3
46 3
47 3
48 3
49 3
50 3
51 3
52 3
53 3
54 3
55 3
56 3
57 3
58 3
59 3
60 3
61 3
62 3
63 4
64 4
65 4
66 4
67 4
68 4
69 4
70 4
71 4
72 4
73 4
74 4
75 4
76 4
77 4
78 4
79 4
80 4
81 4
82 4
83 4
84 4
85 4
86 4
87 4
88 4
89 4
90 4
91 4
92 4
93 4
94 4
95 4
96 4
97 4
98 4
99 4
100 4
101 4
102 4
103 4
104 4
105 4
106 4
107 4
108 4
109 4
110 4
111 4
112 4
113 4
114 4
115 4
116 4
117 4
118 4
119 4
120 4
121 4
122 4
123 4
124 4
125 4
126 4
127 4
128 4
129 4
130 4
131 4
132 4
133 4
134 4
135 4
136 4
137 4
138 4
139 4
140 4
141 4
142 4
143 4
144 4
145 4
146 4
147 1
148 1
149 1
150 1
151 1
152 1
153 1
154 1
155 1
156 1
157 1
158 1
159 1
160 1
161 1
162 1
163 1
164 1
165 1
166 1
167 1
168 1
169 1
170 1
171 1
172 1
173 1
174 1
175 1
176 1
177 1
178 1
179 1
180 1
181 1
182 1
183 1
184 1
185 1
186 1
187 1
188 1
189 1
190 1
191 1
192 1
193 1
194 1
195 1
196 1
197 1
198 1
199 1
200 1
201 1
202 1
203 1
204 1
205 1
206 1
207 1
208 1
209 1
210 1
211 1
212 1
213 1
214 1
215 1
216 1
217 1
218 1
219 1
220 1
221 1
222 1
223 1
224 1
225 1
226 1
227 1
228 1
229 1
230 1
231 1
232 1
233 1
234 1
235 1
236 1
237 1
238 1
239 1
240 1
241 1
242 1
243 1
244 1
245 1
246 1
247 1
248 1
249 1
250 1
251 1
252 1
253 1
254 1
255 1
256 1
257 1
258 1
259 1
260 1
261 1
262 1
263 1
264 1
265 1
266 1
267 1
268 1
269 1
270 1
271 1
272 1
273 1
274 1
275 1
276 1
277 1
278 1
279 1
280 1
281 1
282 1
283 1
284 1
285 1
286 1
287 1
288 1
289 1
290 1
291 1
292 1
293 1
294 1
295 1
296 1
297 1
298 1
299 1
300 1
301 1
302 1
303 1
304 1
305 1
306 1
307 1
308 1
309 1
310 1
311 1
312 1
313 1
314 1
315 1
316 1
317 1
318 1
319 1
320 1
321 1
322 1
323 1
324 1
325 1
326 1
327 1
328 1
329 1
330 1
331 1
332 1
333 1
334 1
335 1
336 1
337 1
338 1
339 1
340 1
341 1
342 1
343 1
344 1
345 1
346 1
347 1
348 1
349 1
350 1
351 1
352 1
353 1
354 1
355 1
356 1
357 1
358 1
359 1
360 1
361 1
362 1
363 1
364 1
365 1
366 1
367 1
368 1
369 1
370 1
371 1
372 1
373 1
374 1
375 1
376 1
377 1
378 1
379 1
380 1
381 1
382 1
383 1
384 1
385 1
386 1
387 1
388 1
389 1
390 1
391 1
392 1
393 1
394 1
395 1
396 1
397 1
398 1
399 1
400 1
401 1
402 1
403 1
404 1
405 1
406 1
407 1
408 1
409 1
410 1
411 1
412 1
413 1
414 1
415 1
416 1
417 1
418 1
419 1
420 1
421 1
422 1
423 1
424 1
425 1
426 1
427 1
428 1
429 1
430 1
431 1
432 1
433 1
434 1
435 1
436 1
437 1
438 1
439 1
440 1
441 1
442 1
443 1
444 1
445 1
446 1
447 1
448 1
449 1
450 1
451 1
452 1
453 1
454 1
455 1
456 1
457 1
458 1
459 1
460 1
461 1
462 1
463 1
464 1
465 1
466 1
467 1
468 1
469 1
470 1
471 1
472 1
473 1
474 1
475 1
476 1
477 1
478 1
479 1
480 1
481 1
482 1
483 1
484 1
485 1
486 1
487 1
488 1
489 1
490 1
491 1
492 1
493 1
494 1
495 1
496 1
497 1
498 1
499 1
500 1
501 1
502 1
503 1
504 1
505 1
506 1
507 1
508 1
509 1
510 1
511 1
512 1
513 1
514 1
515 1
516 1
517 1
518 1
519 1
520 1
521 1
522 1
523 1
524 1
525 1
526 1
527 1
528 1
529 1
530 1
531 1
532 1
533 1
534 1
535 1
536 1
537 1
538 1
539 1
540 1
541 1
542 1
543 1
544 1
545 1
546 1
547 1
548 1
549 1
550 1
551 1
552 1
553 1
554 1
555 1
556 1
557 1
558 1
559 1
560 1
561 1
562 1
563 1
564 1
565 1
566 1
567 1
568 1
569 1
570 1
571 1
572 1
573 1
574 1
575 1
576 1
577 1
578 1
579 1
580 1
581 1
582 1
583 1
584 1
585 1
586 1
587 1
588 1
589 1
590 1
591 1
592 1
593 1
594 1
595 1
596 1
597 1
598 1
599 1
600 1
601 1
602 1
603 1
604 1
605 1
606 1
607 1
608 1
609 1
610 1
611 1
612 1
613 1
614 1
615 1
616 1
617 1
618 1
619 1
620 1
621 1
622 1
623 1
624 1
625 1
626 1
627 1
628 1
629 1
630 2
631 2
632 2
633 2
634 2
635 2
636 2
637 2
638 2
639 2
640 2
641 2
642 2
643 2
644 2
645 2
646 2
647 2
648 2
649 2
650 2
651 2
652 2
653 2
654 2
655 2
656 2
657 2
658 2
659 2
660 2
661 2
662 2
663 2
664 2
665 2
666 2
667 2
668 2
669 2
670 2
671 2
672 2
673 2
674 2
675 2
676 2
677 2
678 2
679 2
680 2
681 2
682 2
683 2
684 2
685 2
686 2
687 2
688 2
689 2
690 2
691 2
692 2
693 2
694 2
695 2
696 2
697 2
698 2
699 2
700 2
701 2
702 2
703 2
704 2
705 2
706 2
707 2
708 2
709 2
710 2
711 2
712 2
713 2
714 2
715 2
716 2
717 2
718 2
719 2
720 2
721 2
722 2
723 2
724 2
725 2
726 2
727 2
728 2
729 2
730 2
731 2
732 2
733 2
734 2
735 2
736 2
737 2
738 2
739 2
740 2
741 2
742 2
743 2
744 2
745 2
746 2
747 2
748 2
749 2
750 2
751 2
752 2
753 2
754 2
755 2
756 3
757 3
758 3
759 3
760 3
761 3
762 3
763 3
764 3
765 3
766 3
767 3
768 3
769 3
770 3
771 3
772 3
773 3
774 3
775 3
776 3
777 3
778 3
779 3
780 3
781 3
782 3
783 3
784 3
785 3
786 3
787 3
788 3
789 3
790 3
791 3
792 3
793 3
794 3
795 3
796 3
797 3
798 3
799 3
800 3
801 3
802 3
803 3
804 3
805 3
806 3
807 3
808 3
809 3
810 3
811 3
812 3
813 3
814 3
815 3
816 3
817 3
818 3
819 3
820 3
821 3
822 3
823 3
824 3
825 3
826 3
827 3
828 3
829 3
830 3
831 3
832 3
833 3
834 3
835 3
836 3
837 3
838 3
839 3
840 3
841 3
842 3
843 3
844 3
845 3
846 3
847 3
848 3
849 3
850 3
851 3
852 3
853 3
854 3
855 3
856 3
857 3
858 3
859 3
860 3
861 3
862 3
863 3
864 3
865 3
866 3
867 3
868 3
869 3
870 3
871 3
872 3
873 3
874 3
875 3
876 3
877 3
878 3
879 3
880 3
881 3
882 3
883 3
884 3
885 3
886 3
887 3
888 3
889 3
890 3
891 3
892 3
893 3
894 3
895 3
896 3
897 3
898 3
899 3
900 3
901 3
902 3
903 2
904 2
905 2
906 2
907 2
908 2
909 2
910 2
911 2
912 2
913 2
914 2
915 2
916 2
917 2
918 2
919 2
920 2
921 2
922 2
923 2
924 2
925 2
926 2
927 2
928 2
929 2
930 2
931 2
932 2
933 2
934 2
935 2
936 2
937 2
938 2
939 2
940 2
941 2
942 2
943 2
944 2
945 2
946 2
947 2
948 2
949 2
950 2
951 2
952 2
953 2
954 2
955 2
956 2
957 2
958 2
959 2
960 2
961 2
962 2
963 2
964 2
965 2
966 2
967 2
968 2
969 2
970 2
971 2
972 2
973 2
974 2
975 2
976 2
977 2
978 2
979 2
980 2
981 2
982 2
983 2
984 2
985 2
986 2
987 2
988 2
989 2
990 2
991 2
992 2
993 2
994 2
995 2
996 2
997 2
998 2
999 2
1000 2
1001 2
1002 2
1003 2
1004 2
1005 2
1006 2
1007 2
1008 2
1009 2
1010 2
1011 2
1012 2
1013 2
1014 2
1015 2
1016 2
1017 2
1018 2
1019 2
1020 2
1021 2
1022 2
1023 2
1024 2
1025 2
1026 2
1027 2
1028 2
1029 2
1030 2
1031 2
1032 2
1033 2
1034 2
1035 2
1036 2
1037 2
1038 2
1039 2
1040 2
1041 2
1042 2
1043 2
1044 2
1045 2
1046 2
1047 2
1048 2
1049 2
1050 1
1051 1
1052 1
1053 1
1054 1
1055 1
1056 1
1057 1
1058 1
1059 1
1060 1
1061 1
1062 1
1063 1
1064 1
1065 1
1066 1
1067 1
1068 1
1069 1
1070 1
1071 1
1072 1
1073 1
1074 1
1075 1
1076 1
1077 1
1078 1
1079 1
1080 1
1081 1
1082 1
1083 1
1084 1
1085 1
1086 1
1087 1
1088 1
1089 1
1090 1
1091 1
1092 1
1093 1
1094 1
1095 1
1096 1
1097 1
1098 1
1099 1
1100 1
1101 1
1102 1
1103 1
1104 1
1105 1
1106 1
1107 1
1108 1
1109 1
1110 1
1111 1
1112 1
1113 1
1114 1
1115 1
1116 1
1117 1
1118 1
1119 1
1120 1
1121 1
1122 1
1123 1
1124 1
1125 1
1126 1
1127 1
1128 1
1129 1
1130 1
1131 1
1132 1
1133 1
1134 1
1135 1
1136 1
1137 1
1138 1
1139 1
1140 1
1141 1
1142 1
1143 1
1144 1
1145 1
1146 1
1147 1
1148 1
1149 1
1150 1
1151 1
1152 1
1153 1
1154 1
1155 1
1156 1
1157 1
1158 1
1159 1
1160 1
1161 1
1162 1
1163 1
1164 1
1165 1
1166 1
1167 1
1168 1
1169 1
1170 1
1171 1
1172 1
1173 1
1174 1
1175 1
1176 1
1177 1
1178 1
1179 1
1180 1
1181 1
1182 1
1183 1
1184 1
1185 1
1186 1
1187 1
1188 1
1189 1
1190 1
1191 1
1192 1
1193 1
1194 1
1195 1
1196 1
1197 4
1198 4
1199 4
1200 4
1201 4
1202 4
1203 4
1204 4
1205 4
1206 4
1207 4
1208 4
1209 4
1210 4
1211 4
1212 4
1213 4
1214 4
1215 4
1216 4
1217 4
1218 4
1219 4
1220 4
1221 4
1222 4
1223 4
1224 4
1225 4
1226 4
1227 4
1228 4
1229 4
1230 4
1231 4
1232 4
1233 4
1234 4
1235 4
1236 4
1237 4
1238 4
1239 4
1240 4
1241 4
1242 4
1243 4
1244 4
1245 4
1246 4
1247 4
1248 4
1249 4
1250 4
1251 4
1252 4
1253 4
1254 4
1255 4
1256 4
1257 4
1258 4
1259 4
1260 4
1261 4
1262 4
1263 4
1264 4
1265 4
1266 4
1267 4
1268 4
1269 4
1270 4
1271 4
1272 4
1273 4
1274 4
1275 4
1276 4
1277 4
1278 4
1279 4
1280 4
1281 4
1282 4
1283 4
1284 4
1285 4
1286 4
1287 4
1288 4
1289 4
1290 4
1291 4
1292 4
1293 4
1294 4
1295 4
1296 4
1297 4
1298 4
1299 4
1300 4
1301 4
1302 4
1303 4
1304 4
1305 4
1306 4
1307 4
1308 4
1309 4
1310 4
1311 4
1312 4
1313 4
1314 4
1315 4
1316 4
1317 4
1318 4
1319 4
1320 4
1321 4
1322 4
1323 3
1324 3
1325 3
1326 3
1327 3
1328 3
1329 3
1330 3
1331 3
1332 3
1333 3
1334 3
1335 3
1336 3
1337 3
1338 3
1339 3
1340 3
1341 3
1342 3
1343 3
1344 3
1345 3
1346 3
1347 3
1348 3
1349 3
1350 3
1351 3
1352 3
1353 3
1354 3
1355 3
1356 3
1357 3
1358 3
1359 3
1360 3
1361 3
1362 3
1363 3
1364 3
1365 3
1366 3
1367 3
1368 3
1369 3
1370 3
1371 3
1372 3
1373 3
1374 3
1375 3
1376 3
1377 3
1378 3
1379 3
1380 3
1381 3
1382 3
1383 3
1384 3
1385 3
1386 3
1387 3
1388 3
1389 3
1390 3
1391 3
1392 3
1393 3
1394 3
1395 3
1396 3
1397 3
1398 3
1399 3
1400 3
1401 3
1402 3
1403 3
1404 3
1405 3
1406 3
1407 1
1408 1
1409 1
1410 1
1411 1
1412 1
1413 1
1414 1
1415 1
1416 1
1417 1
1418 1
1419 1
1420 1
1421 1
1422 1
1423 1
1424 1
1425 1
1426 1
1427 1
1428 1
1429 1
1430 1
1431 1
1432 1
1433 1
1434 1
1435 1
1436 1
1437 1
1438 1
1439 1
1440 1
1441 1
1442 1
1443 1
1444 1
1445 1
1446 1
1447 1
1448 1
1449 1
1450 1
1451 1
1452 1
1453 1
1454 1
1455 1
1456 1
1457 1
1458 1
1459 1
1460 1
1461 1
1462 1
1463 1
1464 1
1465 1
1466 1
1467 1
1468 1
1469 1
1470 4
1471 4
1472 4
1473 4
1474 4
1475 4
1476 4
1477 4
1478 4
1479 4
1480 4
1481 4
1482 4
1483 4
1484 4
1485 4
1486 4
1487 4
1488 4
1489 4
1490 4
1491 4
1492 4
1493 4
1494 4
1495 4
1496 4
1497 4
1498 4
1499 4
1500 4
1501 4
1502 4
1503 4
1504 4
1505 4
1506 4
1507 4
1508 4
1509 4
1510 4
1511 4
1512 4
1513 4
1514 4
1515 4
1516 4
1517 4
1518 4
1519 4
1520 4
1521 4
1522 4
1523 4
1524 4
1525 4
1526 4
1527 4
1528 4
1529 4
1530 4
1531 4
1532 4
1533 4
1534 4
1535 4
1536 4
1537 4
1538 4
1539 4
1540 4
1541 4
1542 4
1543 4
1544 4
1545 4
1546 4
1547 4
1548 4
1549 4
1550 4
1551 4
1552 4
1553 4
1554 4
1555 4
1556 4
1557 4
1558 4
1559 4
1560 4
1561 4
1562 4
1563 4
1564 4
1565 4
1566 4
1567 4
1568 4
1569 4
1570 4
1571 4
1572 4
1573 4
1574 4
1575 4
1576 4
1577 4
1578 4
1579 4
1580 4
1581 4
1582 4
1583 4
1584 4
1585 4
1586 4
1587 4
1588 4
1589 4
1590 4
1591 4
1592 4
1593 4
1594 4
1595 4
1596 4
1597 4
1598 4
1599 4
1600 4
1601 4
1602 4
1603 4
1604 4
1605 4
1606 4
1607 4
1608 4
1609 4
1610 4
1611 4
1612 4
1613 4
1614 4
1615 4
1616 4
1617 2
1618 2
1619 2
1620 2
1621 2
1622 2
1623 2
1624 2
1625 2
1626 2
1627 2
1628 2
1629 2
1630 2
1631 2
1632 2
1633 2
1634 2
1635 2
1636 2
1637 2
1638 2
1639 2
1640 2
1641 2
1642 2
1643 2
1644 2
1645 2
1646 2
1647 2
1648 2
1649 2
1650 2
1651 2
1652 2
1653 2
1654 2
1655 2
1656 2
1657 2
1658 2
1659 2
1660 2
1661 2
1662 2
1663 2
1664 2
1665 2
1666 2
1667 2
1668 2
1669 2
1670 2
1671 2
1672 2
1673 2
1674 2
1675 2
1676 2
1677 2
1678 2
1679 2
1680 2
1681 2
1682 2
1683 2
1684 2
1685 2
1686 2
1687 2
1688 2
1689 2
1690 2
1691 2
1692 2
1693 2
1694 2
1695 2
1696 2
1697 2
1698 2
1699 2
1700 2
1701 2
1702 2
1703 2
1704 2
1705 2
1706 2
1707 2
1708 2
1709 2
1710 2
1711 2
1712 2
1713 2
1714 2
1715 2
1716 2
1717 2
1718 2
1719 2
1720 2
1721 2
1722 2
1723 2
1724 2
1725 2
1726 2
1727 2
1728 2
1729 2
1730 2
1731 2
1732 2
1733 2
1734 2
1735 2
1736 2
1737 2
1738 2
1739 2
1740 2
1741 2
1742 2
1743 2
1744 2
1745 2
1746 2
1747 2
1748 2
1749 2
1750 2
1751 2
1752 2
1753 2
1754 2
1755 2
1756 2
1757 2
1758 2
1759 2
1760 2
1761 2
1762 2
1763 2
1764 2
1765 2
1766 2
1767 2
1768 2
1769 2
1770 2
1771 2
1772 2
1773 2
1774 2
1775 2
1776 2
1777 2
1778 2
1779 2
1780 2
1781 2
1782 2
1783 2
1784 2
1785 3
1786 3
1787 3
1788 3
1789 3
1790 3
1791 3
1792 3
1793 3
1794 3
1795 3
1796 3
1797 3
1798 3
1799 3
1800 3
1801 3
1802 3
1803 3
1804 3
1805 3
1806 3
1807 3
1808 3
1809 3
1810 3
1811 3
1812 3
1813 3
1814 3
1815 3
1816 3
1817 3
1818 3
1819 3
1820 3
1821 3
1822 3
1823 3
1824 3
1825 3
1826 3
1827 3
1828 3
1829 3
1830 3
1831 3
1832 3
1833 3
1834 3
1835 3
1836 3
1837 3
1838 3
1839 3
1840 3
1841 3
1842 3
1843 3
1844 3
1845 3
1846 3
1847 3
1848 3
1849 3
1850 3
1851 3
1852 3
1853 3
1854 3
1855 3
1856 3
1857 3
1858 3
1859 3
1860 3
1861 3
1862 3
1863 3
1864 3
1865 3
1866 3
1867 3
1868 3
1869 3
1870 3
1871 3
1872 3
1873 3
1874 3
1875 3
1876 3
1877 3
1878 3
1879 3
1880 3
1881 3
1882 3
1883 3
1884 3
1885 3
1886 3
1887 3
1888 3
1889 3
1890 3
1891 3
1892 3
1893 3
1894 3
1895 3
1896 3
1897 3
1898 3
1899 3
1900 3
1901 3
1902 3
1903 3
1904 3
1905 3
1906 3
1907 3
1908 3
1909 3
1910 3
1911 3
1912 3
1913 3
1914 3
1915 3
1916 3
1917 3
1918 3
1919 3
1920 3
1921 3
1922 3
1923 3
1924 3
1925 3
1926 3
1927 3
1928 3
1929 3
1930 3
1931 3
1932 3
1933 3
1934 3
1935 3
1936 3
1937 3
1938 3
1939 3
1940 3
1941 3
1942 3
1943 3
1944 3
1945 3
1946 3
1947 3
1948 3
1949 3
1950 3
1951 3
1952 3
1953 3
1954 3
1955 3
1956 3
1957 3
1958 3
1959 3
1960 3
1961 3
1962 3
1963 3
1964 3
1965 3
1966 3
1967 3
1968 3
1969 3
1970 3
1971 3
1972 3
1973 3
1974 3
1975 3
1976 3
1977 3
1978 3
1979 3
1980 3
1981 3
1982 3
1983 3
1984 3
1985 3
1986 3
1987 3
1988 3
1989 3
1990 3
1991 3
1992 3
1993 3
1994 3
1995 5
1996 5
1997 5
1998 5
1999 5
2000 5
2001 5
2002 5
2003 5
2004 5
2005 5
2006 5
2007 5
2008 5
2009 5
2010 5
2011 5
2012 5
2013 5
2014 5
2015 5
2016 5
2017 5
2018 5
2019 5
2020 5
2021 5
2022 5
2023 5
2024 5
2025 5
2026 5
2027 5
2028 5
2029 5
2030 5
2031 5
2032 5
2033 5
2034 5
2035 5
2036 5
2037 5
2038 5
2039 5
2040 5
2041 5
2042 5
2043 5
2044 5
2045 5
2046 5
2047 5
2048 5
2049 5
2050 5
2051 5
2052 5
2053 5
2054 5
2055 5
2056 5
2057 5
2058 5
2059 5
2060 5
2061 5
2062 5
2063 5
2064 5
2065 5
2066 5
2067 5
2068 5
2069 5
2070 5
2071 5
2072 5
2073 5
2074 5
2075 5
2076 5
2077 5
2078 5
2079 5
2080 5
2081 5
2082 5
2083 5
2084 5
2085 5
2086 5
2087 5
2088 5
2089 5
2090 5
2091 5
2092 5
2093 5
2094 5
2095 5
2096 5
2097 5
2098 5
2099 5
2100 5
2101 5
2102 5
2103 5
2104 5
2105 5
2106 5
2107 5
2108 5
2109 5
2110 5
2111 5
2112 5
2113 5
2114 5
2115 5
2116 5
2117 5
2118 5
2119 5
2120 5
2121 5
2122 5
2123 5
2124 5
2125 5
2126 5
2127 5
2128 5
2129 5
2130 5
2131 5
2132 5
2133 5
2134 5
2135 5
2136 5
2137 5
2138 5
2139 5
2140 5
2141 5
2142 5
2143 5
2144 5
2145 5
2146 5
2147 5
2148 5
2149 5
2150 5
2151 5
2152 5
2153 5
2154 5
2155 5
2156 5
2157 5
2158 5
2159 5
2160 5
2161 5
2162 5
2163 5
2164 5
2165 5
2166 5
2167 5
2168 5
2169 5
2170 5
2171 5
2172 5
2173 5
2174 5
2175 5
2176 5
2177 5
2178 5
2179 5
2180 5
2181 5
2182 5
2183 5
2184 1
2185 1
2186 1
2187 1
2188 1
2189 1
2190 1
2191 1
2192 1
2193 1
2194 1
2195 1
2196 1
2197 1
2198 1
2199 1
2200 1
2201 1
2202 1
2203 1
2204 1
2205 1
2206 1
2207 1
2208 1
2209 1
2210 1
2211 1
2212 1
2213 1
2214 1
2215 1
2216 1
2217 1
2218 1
2219 1
2220 1
2221 1
2222 1
2223 1
2224 1
2225 1
2226 1
2227 1
2228 1
2229 1
2230 1
2231 1
2232 1
2233 1
2234 1
2235 1
2236 1
2237 1
2238 1
2239 1
2240 1
2241 1
2242 1
2243 1
2244 1
2245 1
2246 1
2247 1
2248 1
2249 1
2250 1
2251 1
2252 1
2253 1
2254 1
2255 1
2256 1
2257 1
2258 1
2259 1
2260 1
2261 1
2262 1
2263 1
2264 1
2265 1
2266 1
2267 1
2268 1
2269 1
2270 1
2271 1
2272 1
2273 1
2274 1
2275 1
2276 1
2277 1
2278 1
2279 1
2280 1
2281 1
2282 1
2283 1
2284 1
2285 1
2286 1
2287 1
2288 1
2289 1
2290 1
2291 1
2292 1
2293 1
2294 1
2295 1
2296 1
2297 1
2298 1
2299 1
2300 1
2301 1
2302 1
2303 1
2304 1
2305 1
2306 1
2307 1
2308 1
2309 1
2310 1
2311 1
2312 1
2313 1
2314 1
2315 1
2316 1
2317 1
2318 1
2319 1
2320 1
2321 1
2322 1
2323 1
2324 1
2325 1
2326 1
2327 1
2328 1
2329 1
2330 1
2331 1
2332 1
2333 1
2334 1
2335 1
2336 1
2337 1
2338 1
2339 1
2340 1
2341 1
2342 1
2343 1
2344 1
2345 1
2346 1
2347 1
2348 1
2349 1
2350 1
2351 1
2352 5
2353 5
2354 5
2355 5
2356 5
2357 5
2358 5
2359 5
2360 5
2361 5
2362 5
2363 5
2364 5
2365 5
2366 5
2367 5
2368 5
2369 5
2370 5
2371 5
2372 5
2373 1
2374 1
2375 1
2376 1
2377 1
2378 1
2379 1
2380 1
2381 1
2382 1
2383 1
2384 1
2385 1
2386 1
2387 1
2388 1
2389 1
2390 1
2391 1
2392 1
2393 1
2394 1
2395 1
2396 1
2397 1
2398 1
2399 1
2400 1
2401 1
2402 1
2403 1
2404 1
2405 1
2406 1
2407 1
2408 1
2409 1
2410 1
2411 1
2412 1
2413 1
2414 1
2415 1
2416 1
2417 1
2418 1
2419 1
2420 1
2421 1
2422 1
2423 1
2424 1
2425 1
2426 1
2427 1
2428 1
2429 1
2430 1
2431 1
2432 1
2433 1
2434 1
2435 1
2436 1
2437 1
2438 1
2439 1
2440 1
2441 1
2442 1
2443 1
2444 1
2445 1
2446 1
2447 1
2448 1
2449 1
2450 1
2451 1
2452 1
2453 1
2454 1
2455 1
2456 1
2457 1
2458 1
2459 1
2460 1
2461 1
2462 1
2463 1
2464 1
2465 1
2466 1
2467 1
2468 1
2469 1
2470 1
2471 1
2472 1
2473 1
2474 1
2475 1
2476 1
2477 1
2478 1
2479 1
2480 1
2481 1
2482 1
2483 1
2484 1
2485 1
2486 1
2487 1
2488 1
2489 1
2490 1
2491 1
2492 1
2493 1
2494 1
2495 1
2496 1
2497 1
2498 1
2499 1
2500 1
2501 1
2502 1
2503 1
2504 1
2505 1
2506 1
2507 1
2508 1
2509 1
2510 1
2511 1
2512 1
2513 1
2514 1
2515 1
2516 1
2517 1
2518 1
2519 1
2520 1
2521 1
2522 1
2523 1
2524 1
2525 1
2526 1
2527 1
2528 1
2529 1
2530 1
2531 1
2532 1
2533 1
2534 1
2535 1
2536 1
2537 1
2538 1
2539 1
2540 1
2541 1
2542 1
2543 1
2544 1
2545 1
2546 1
2547 1
2548 1
2549 1
2550 1
2551 1
2552 1
2553 1
2554 1
2555 1
2556 1
2557 1
2558 1
2559 1
2560 1
2561 1
2562 1
2563 1
2564 1
2565 1
2566 1
2567 1
2568 1
2569 1
2570 1
2571 1
2572 1
2573 1
2574 1
2575 1
2576 1
2577 1
2578 1
2579 1
2580 1
2581 1
2582 1
2583 1
2584 1
2585 1
2586 1
2587 1
2588 1
2589 1
2590 1
2591 1
2592 1
2593 1
2594 1
2595 1
2596 1
2597 1
2598 1
2599 1
2600 1
2601 1
2602 1
2603 1
2604 1
2605 1
2606 1
2607 1
2608 1
2609 1
2610 1
2611 1
2612 1
2613 1
2614 1
2615 1
2616 1
2617 1
2618 1
2619 1
2620 1
2621 1
2622 1
2623 1
2624 1
2625 1
2626 1
2627 1
2628 1
2629 1
2630 1
2631 1
2632 1
2633 1
2634 1
2635 1
2636 1
2637 1
2638 1
2639 1
2640 1
2641 1
2642 1
2643 1
2644 1
2645 1
2646 1
2647 1
2648 1
2649 1
2650 1
2651 1
2652 1
2653 1
2654 1
2655 1
2656 1
2657 1
2658 1
2659 1
2660 1
2661 1
2662 1
2663 1
2664 1
2665 1
2666 1
2667 1
2668 1
2669 1
2670 1
2671 1
2672 1
2673 1
2674 1
2675 1
2676 1
2677 1
2678 1
2679 1
2680 1
2681 1
2682 1
2683 1
2684 1
2685 1
2686 1
2687 1
2688 3
2689 3
2690 3
2691 3
2692 3
2693 3
2694 3
2695 3
2696 3
2697 3
2698 3
2699 3
2700 3
2701 3
2702 3
2703 3
2704 3
2705 3
2706 3
2707 3
2708 3
2709 3
2710 3
2711 3
2712 3
2713 3
2714 3
2715 3
2716 3
2717 3
2718 3
2719 3
2720 3
2721 3
2722 3
2723 3
2724 3
2725 3
2726 3
2727 3
2728 3
2729 3
2730 3
2731 3
2732 3
2733 3
2734 3
2735 3
2736 3
2737 3
2738 3
2739 3
2740 3
2741 3
2742 3
2743 3
2744 3
2745 3
2746 3
2747 3
2748 3
2749 3
2750 3
2751 3
2752 3
2753 3
2754 3
2755 3
2756 3
2757 3
2758 3
2759 3
2760 3
2761 3
2762 3
2763 3
2764 3
2765 3
2766 3
2767 3
2768 3
2769 3
2770 3
2771 3
2772 3
2773 3
2774 3
2775 3
2776 3
2777 3
2778 3
2779 3
2780 3
2781 3
2782 3
2783 3
2784 3
2785 3
2786 3
2787 3
2788 3
2789 3
2790 3
2791 3
2792 3
2793 3
2794 3
2795 3
2796 3
2797 3
2798 3
2799 3
2800 3
2801 3
2802 3
2803 3
2804 3
2805 3
2806 3
2807 3
2808 3
2809 3
2810 3
2811 3
2812 3
2813 3
2814 3
2815 3
2816 3
2817 3
2818 3
2819 3
2820 3
2821 3
2822 3
2823 3
2824 3
2825 3
2826 3
2827 3
2828 3
2829 3
2830 3
2831 3
2832 3
2833 3
2834 3
2835 5
2836 5
2837 5
2838 5
2839 5
2840 5
2841 5
2842 5
2843 5
2844 5
2845 5
2846 5
2847 5
2848 5
2849 5
2850 5
2851 5
2852 5
2853 5
2854 5
2855 5
2856 5
2857 5
2858 5
2859 5
2860 5
2861 5
2862 5
2863 5
2864 5
2865 5
2866 5
2867 5
2868 5
2869 5
2870 5
2871 5
2872 5
2873 5
2874 5
2875 5
2876 5
2877 5
2878 5
2879 5
2880 5
2881 5
2882 5
2883 5
2884 5
2885 5
2886 5
2887 5
2888 5
2889 5
2890 5
2891 5
2892 5
2893 5
2894 5
2895 5
2896 5
2897 5
2898 5
2899 5
2900 5
2901 5
2902 5
2903 5
2904 5
2905 5
2906 5
2907 5
2908 5
2909 5
2910 5
2911 5
2912 5
2913 5
2914 5
2915 5
2916 5
2917 5
2918 5
2919 5
2920 5
2921 5
2922 5
2923 5
2924 5
2925 5
2926 5
2927 5
2928 5
2929 5
2930 5
2931 5
2932 5
2933 5
2934 5
2935 5
2936 5
2937 5
2938 5
2939 5
2940 5
2941 5
2942 5
2943 5
2944 5
2945 5
2946 5
2947 5
2948 5
2949 5
2950 5
2951 5
2952 5
2953 5
2954 5
2955 5
2956 5
2957 5
2958 5
2959 5
2960 5
2961 5
2962 5
2963 5
2964 5
2965 5
2966 5
2967 5
2968 5
2969 5
2970 5
2971 5
2972 5
2973 5
2974 5
2975 5
2976 5
2977 5
2978 5
2979 5
2980 5
2981 5
2982 3
2983 3
2984 3
2985 3
2986 3
2987 3
2988 3
2989 3
2990 3
2991 3
2992 3
2993 3
2994 3
2995 3
2996 3
2997 3
2998 3
2999 3
3000 3
3001 3
3002 3
3003 4
3004 4
3005 4
3006 4
3007 4
3008 4
3009 4
3010 4
3011 4
3012 4
3013 4
3014 4
3015 4
3016 4
3017 4
3018 4
3019 4
3020 4
3021 4
3022 4
3023 4
3024 4
3025 4
3026 4
3027 4
3028 4
3029 4
3030 4
3031 4
3032 4
3033 4
3034 4
3035 4
3036 4
3037 4
3038 4
3039 4
3040 4
3041 4
3042 4
3043 4
3044 4
3045 4
3046 4
3047 4
3048 4
3049 4
3050 4
3051 4
3052 4
3053 4
3054 4
3055 4
3056 4
3057 4
3058 4
3059 4
3060 4
3061 4
3062 4
3063 4
3064 4
3065 4
3066 4
3067 4
3068 4
3069 4
3070 4
3071 4
3072 4
3073 4
3074 4
3075 4
3076 4
3077 4
3078 4
3079 4
3080 4
3081 4
3082 4
3083 4
3084 4