2852 1
8455 1
11151 1
14602 4
17001 5
20001 1
21303 1
27506 1
28852 2
30201 5
32603 5
34356 3
36552 3
39404 1
41701 2
42757 2
43803 2
45151 2
48408 4
50603 4
54102 5
56801 2
58754 3
60204 3
61903 3
62801 2
65703 1
66756 2
67551 2
69553 2
74604 2
77454 4
80401 5
82601 5
84052 3
84853 3
90652 1
93251 1
95751 5
98255 3
100802 3
103153 3
105454 5
106501 1
107754 4
108753 3
109401 3
110652 3
111451 3
112751 2
117802 5
120352 3
123953 4
130503 4
134658 3
136202 3
137851 3
139704 4
142403 4
143803 5
145202 4
146052 4
146909 4
147605 4
149704 4
153251 4
154252 2
154853 5
155255 5
156155 5
158805 4
159753 5
