4103 1
8904 3
12401 1
15555 1
20904 4
25151 1
31002 1
32901 1
35402 3
38155 4
39402 3
42551 1
46303 4
48306 2
49752 2
50803 4
54352 2
60903 2
62403 2
64302 3
68202 3
74053 2
76452 3
79159 2
80254 1
81654 3
84904 3
87602 3
88952 3
92151 3
94253 3
96803 3
98654 3
100451 3
102205 3
104502 3
106305 3
109402 3
111754 3
113505 3
117953 3
119355 3
121552 3
128306 1
130853 2
131451 4
133102 4
135301 4
136702 4
139155 4
140605 4
141852 1
143552 4
145256 4
146153 4
147208 4
149504 4
151454 4
153453 4
157501 4
159252 4
