1 0
2 0
3 0
4 0
5 0
6 0
7 0
8 0
9 0
10 0
11 0
12 0
13 0
14 0
15 0
16 0
17 0
18 0
19 0
20 0
21 4
22 4
23 4
24 4
25 4
26 4
27 4
28 4
29 4
30 4
31 4
32 4
33 4
34 4
35 4
36 4
37 4
38 4
39 4
40 4
41 4
42 3
43 3
44 3
45 3
46 3
47 3
48 3
49 3
50 3
51 3
52 3
53 3
54 3
55 3
56 3
57 3
58 3
59 3
60 3
61 3
62 3
63 1
64 1
65 1
66 1
67 1
68 1
69 1
70 1
71 1
72 1
73 1
74 1
75 1
76 1
77 1
78 1
79 1
80 1
81 1
82 1
83 1
84 1
85 1
86 1
87 1
88 1
89 1
90 1
91 1
92 1
93 1
94 1
95 1
96 1
97 1
98 1
99 1
100 1
101 1
102 1
103 1
104 1
105 1
106 1
107 1
108 1
109 1
110 1
111 1
112 1
113 1
114 1
115 1
116 1
117 1
118 1
119 1
120 1
121 1
122 1
123 1
124 1
125 1
126 1
127 1
128 1
129 1
130 1
131 1
132 1
133 1
134 1
135 1
136 1
137 1
138 1
139 1
140 1
141 1
142 1
143 1
144 1
145 1
146 1
147 1
148 1
149 1
150 1
151 1
152 1
153 1
154 1
155 1
156 1
157 1
158 1
159 1
160 1
161 1
162 1
163 1
164 1
165 1
166 1
167 1
168 1
169 1
170 1
171 1
172 1
173 1
174 1
175 1
176 1
177 1
178 1
179 1
180 1
181 1
182 1
183 1
184 1
185 1
186 1
187 1
188 1
189 1
190 1
191 1
192 1
193 1
194 1
195 1
196 1
197 1
198 1
199 1
200 1
201 1
202 1
203 1
204 1
205 1
206 1
207 1
208 1
209 1
210 1
211 1
212 1
213 1
214 1
215 1
216 1
217 1
218 1
219 1
220 1
221 1
222 1
223 1
224 1
225 1
226 1
227 1
228 1
229 1
230 1
231 1
232 1
233 1
234 1
235 1
236 1
237 1
238 1
239 1
240 1
241 1
242 1
243 1
244 1
245 1
246 1
247 1
248 1
249 1
250 1
251 1
252 1
253 1
254 1
255 1
256 1
257 1
258 1
259 1
260 1
261 1
262 1
263 1
264 1
265 1
266 1
267 1
268 1
269 1
270 1
271 1
272 1
273 1
274 1
275 1
276 1
277 1
278 1
279 1
280 1
281 1
282 1
283 1
284 1
285 1
286 1
287 1
288 1
289 1
290 1
291 1
292 1
293 1
294 1
295 1
296 1
297 1
298 1
299 1
300 1
301 1
302 1
303 1
304 1
305 1
306 1
307 1
308 1
309 1
310 1
311 1
312 1
313 1
314 1
315 3
316 3
317 3
318 3
319 3
320 3
321 3
322 3
323 3
324 3
325 3
326 3
327 3
328 3
329 3
330 3
331 3
332 3
333 3
334 3
335 3
336 3
337 3
338 3
339 3
340 3
341 3
342 3
343 3
344 3
345 3
346 3
347 3
348 3
349 3
350 3
351 3
352 3
353 3
354 3
355 3
356 3
357 3
358 3
359 3
360 3
361 3
362 3
363 3
364 3
365 3
366 3
367 3
368 3
369 3
370 3
371 3
372 3
373 3
374 3
375 3
376 3
377 3
378 3
379 3
380 3
381 3
382 3
383 3
384 3
385 3
386 3
387 3
388 3
389 3
390 3
391 3
392 3
393 3
394 3
395 3
396 3
397 3
398 3
399 3
400 3
401 3
402 3
403 3
404 3
405 3
406 3
407 3
408 3
409 3
410 3
411 3
412 3
413 3
414 3
415 3
416 3
417 3
418 3
419 3
420 3
421 3
422 3
423 3
424 3
425 3
426 3
427 3
428 3
429 3
430 3
431 3
432 3
433 3
434 3
435 3
436 3
437 3
438 3
439 3
440 3
441 3
442 3
443 3
444 3
445 3
446 3
447 3
448 3
449 3
450 3
451 3
452 3
453 3
454 3
455 3
456 3
457 3
458 3
459 3
460 3
461 3
462 3
463 3
464 3
465 3
466 3
467 3
468 3
469 3
470 3
471 3
472 3
473 3
474 3
475 3
476 3
477 3
478 3
479 3
480 3
481 3
482 3
483 3
484 3
485 3
486 3
487 3
488 3
489 3
490 3
491 3
492 3
493 3
494 3
495 3
496 3
497 3
498 3
499 3
500 3
501 3
502 3
503 3
504 3
505 3
506 3
507 3
508 3
509 3
510 3
511 3
512 3
513 3
514 3
515 3
516 3
517 3
518 3
519 3
520 3
521 3
522 3
523 3
524 3
525 3
526 3
527 3
528 3
529 3
530 3
531 3
532 3
533 3
534 3
535 3
536 3
537 3
538 3
539 3
540 3
541 3
542 3
543 3
544 3
545 3
546 3
547 3
548 3
549 3
550 3
551 3
552 3
553 3
554 3
555 3
556 3
557 3
558 3
559 3
560 3
561 3
562 3
563 3
564 3
565 3
566 3
567 1
568 1
569 1
570 1
571 1
572 1
573 1
574 1
575 1
576 1
577 1
578 1
579 1
580 1
581 1
582 1
583 1
584 1
585 1
586 1
587 1
588 5
589 5
590 5
591 5
592 5
593 5
594 5
595 5
596 5
597 5
598 5
599 5
600 5
601 5
602 5
603 5
604 5
605 5
606 5
607 5
608 5
609 5
610 5
611 5
612 5
613 5
614 5
615 5
616 5
617 5
618 5
619 5
620 5
621 5
622 5
623 5
624 5
625 5
626 5
627 5
628 5
629 5
630 5
631 5
632 5
633 5
634 5
635 5
636 5
637 5
638 5
639 5
640 5
641 5
642 5
643 5
644 5
645 5
646 5
647 5
648 5
649 5
650 5
651 5
652 5
653 5
654 5
655 5
656 5
657 5
658 5
659 5
660 5
661 5
662 5
663 5
664 5
665 5
666 5
667 5
668 5
669 5
670 5
671 5
672 5
673 5
674 5
675 5
676 5
677 5
678 5
679 5
680 5
681 5
682 5
683 5
684 5
685 5
686 5
687 5
688 5
689 5
690 5
691 5
692 5
693 5
694 5
695 5
696 5
697 5
698 5
699 5
700 5
701 5
702 5
703 5
704 5
705 5
706 5
707 5
708 5
709 5
710 5
711 5
712 5
713 5
714 5
715 5
716 5
717 5
718 5
719 5
720 5
721 5
722 5
723 5
724 5
725 5
726 5
727 5
728 5
729 5
730 5
731 5
732 5
733 5
734 5
735 4
736 4
737 4
738 4
739 4
740 4
741 4
742 4
743 4
744 4
745 4
746 4
747 4
748 4
749 4
750 4
751 4
752 4
753 4
754 4
755 4
756 4
757 4
758 4
759 4
760 4
761 4
762 4
763 4
764 4
765 4
766 4
767 4
768 4
769 4
770 4
771 4
772 4
773 4
774 4
775 4
776 4
777 4
778 4
779 4
780 4
781 4
782 4
783 4
784 4
785 4
786 4
787 4
788 4
789 4
790 4
791 4
792 4
793 4
794 4
795 4
796 4
797 4
798 4
799 4
800 4
801 4
802 4
803 4
804 4
805 4
806 4
807 4
808 4
809 4
810 4
811 4
812 4
813 4
814 4
815 4
816 4
817 4
818 4
819 4
820 4
821 4
822 4
823 4
824 4
825 4
826 4
827 4
828 4
829 4
830 4
831 4
832 4
833 4
834 4
835 4
836 4
837 4
838 4
839 4
840 5
841 5
842 5
843 5
844 5
845 5
846 5
847 5
848 5
849 5
850 5
851 5
852 5
853 5
854 5
855 5
856 5
857 5
858 5
859 5
860 5
861 5
862 5
863 5
864 5
865 5
866 5
867 5
868 5
869 5
870 5
871 5
872 5
873 5
874 5
875 5
876 5
877 5
878 5
879 5
880 5
881 5
882 5
883 5
884 5
885 5
886 5
887 5
888 5
889 5
890 5
891 5
892 5
893 5
894 5
895 5
896 5
897 5
898 5
899 5
900 5
901 5
902 5
903 5
904 5
905 5
906 5
907 5
908 5
909 5
910 5
911 5
912 5
913 5
914 5
915 5
916 5
917 5
918 5
919 5
920 5
921 5
922 5
923 5
924 5
925 5
926 5
927 5
928 5
929 5
930 5
931 5
932 5
933 5
934 5
935 5
936 5
937 5
938 5
939 5
940 5
941 5
942 5
943 5
944 5
945 5
946 5
947 5
948 5
949 5
950 5
951 5
952 5
953 5
954 5
955 5
956 5
957 5
958 5
959 5
960 5
961 5
962 5
963 5
964 5
965 5
966 5
967 5
968 5
969 5
970 5
971 5
972 5
973 5
974 5
975 5
976 5
977 5
978 5
979 5
980 5
981 5
982 5
983 5
984 5
985 5
986 5
987 2
988 2
989 2
990 2
991 2
992 2
993 2
994 2
995 2
996 2
997 2
998 2
999 2
1000 2
1001 2
1002 2
1003 2
1004 2
1005 2
1006 2
1007 2
1008 2
1009 2
1010 2
1011 2
1012 2
1013 2
1014 2
1015 2
1016 2
1017 2
1018 2
1019 2
1020 2
1021 2
1022 2
1023 2
1024 2
1025 2
1026 2
1027 2
1028 2
1029 2
1030 2
1031 2
1032 2
1033 2
1034 2
1035 2
1036 2
1037 2
1038 2
1039 2
1040 2
1041 2
1042 2
1043 2
1044 2
1045 2
1046 2
1047 2
1048 2
1049 2
1050 2
1051 2
1052 2
1053 2
1054 2
1055 2
1056 2
1057 2
1058 2
1059 2
1060 2
1061 2
1062 2
1063 2
1064 2
1065 2
1066 2
1067 2
1068 2
1069 2
1070 2
1071 2
1072 2
1073 2
1074 2
1075 2
1076 2
1077 2
1078 2
1079 2
1080 2
1081 2
1082 2
1083 2
1084 2
1085 2
1086 2
1087 2
1088 2
1089 2
1090 2
1091 2
1092 2
1093 2
1094 2
1095 2
1096 2
1097 2
1098 2
1099 2
1100 2
1101 2
1102 2
1103 2
1104 2
1105 2
1106 2
1107 2
1108 2
1109 2
1110 2
1111 2
1112 2
1113 2
1114 2
1115 2
1116 2
1117 2
1118 2
1119 2
1120 2
1121 2
1122 2
1123 2
1124 2
1125 2
1126 2
1127 2
1128 2
1129 2
1130 2
1131 2
1132 2
1133 2
1134 2
1135 2
1136 2
1137 2
1138 2
1139 2
1140 2
1141 2
1142 2
1143 2
1144 2
1145 2
1146 2
1147 2
1148 2
1149 2
1150 2
1151 2
1152 2
1153 2
1154 2
1155 2
1156 2
1157 2
1158 2
1159 2
1160 2
1161 2
1162 2
1163 2
1164 2
1165 2
1166 2
1167 2
1168 2
1169 2
1170 2
1171 2
1172 2
1173 2
1174 2
1175 2
1176 2
1177 2
1178 2
1179 2
1180 2
1181 2
1182 2
1183 2
1184 2
1185 2
1186 2
1187 2
1188 2
1189 2
1190 2
1191 2
1192 2
1193 2
1194 2
1195 2
1196 2
1197 2
1198 2
1199 2
1200 2
1201 2
1202 2
1203 2
1204 2
1205 2
1206 2
1207 2
1208 2
1209 2
1210 2
1211 2
1212 2
1213 2
1214 2
1215 2
1216 2
1217 2
1218 2
1219 2
1220 2
1221 2
1222 2
1223 2
1224 2
1225 2
1226 2
1227 2
1228 2
1229 2
1230 2
1231 2
1232 2
1233 2
1234 2
1235 2
1236 2
1237 2
1238 2
1239 2
1240 2
1241 2
1242 2
1243 2
1244 2
1245 2
1246 2
1247 2
1248 2
1249 2
1250 2
1251 2
1252 2
1253 2
1254 2
1255 2
1256 2
1257 2
1258 2
1259 2
1260 2
1261 2
1262 2
1263 2
1264 2
1265 2
1266 2
1267 2
1268 2
1269 2
1270 2
1271 2
1272 2
1273 2
1274 2
1275 2
1276 2
1277 2
1278 2
1279 2
1280 2
1281 2
1282 2
1283 2
1284 2
1285 2
1286 2
1287 2
1288 2
1289 2
1290 2
1291 2
1292 2
1293 2
1294 2
1295 2
1296 2
1297 2
1298 2
1299 2
1300 2
1301 2
1302 2
1303 2
1304 2
1305 2
1306 2
1307 2
1308 2
1309 2
1310 2
1311 2
1312 2
1313 2
1314 2
1315 2
1316 2
1317 2
1318 2
1319 2
1320 2
1321 2
1322 2
1323 2
1324 2
1325 2
1326 2
1327 2
1328 2
1329 2
1330 2
1331 2
1332 2
1333 2
1334 2
1335 2
1336 2
1337 2
1338 2
1339 2
1340 2
1341 2
1342 2
1343 2
1344 2
1345 2
1346 2
1347 2
1348 2
1349 2
1350 2
1351 2
1352 2
1353 2
1354 2
1355 2
1356 2
1357 2
1358 2
1359 2
1360 2
1361 2
1362 2
1363 2
1364 2
1365 2
1366 2
1367 2
1368 2
1369 2
1370 2
1371 2
1372 2
1373 2
1374 2
1375 2
1376 2
1377 2
1378 2
1379 2
1380 2
1381 2
1382 2
1383 2
1384 2
1385 2
1386 2
1387 2
1388 2
1389 2
1390 2
1391 2
1392 2
1393 2
1394 2
1395 2
1396 2
1397 2
1398 2
1399 2
1400 2
1401 2
1402 2
1403 2
1404 2
1405 2
1406 2
1407 2
1408 2
1409 2
1410 2
1411 2
1412 2
1413 2
1414 2
1415 2
1416 2
1417 2
1418 2
1419 2
1420 2
1421 2
1422 2
1423 2
1424 2
1425 2
1426 2
1427 2
1428 2
1429 2
1430 2
1431 2
1432 2
1433 2
1434 2
1435 2
1436 2
1437 2
1438 2
1439 2
1440 2
1441 2
1442 2
1443 2
1444 2
1445 2
1446 2
1447 2
1448 2
1449 2
1450 2
1451 2
1452 2
1453 2
1454 2
1455 2
1456 2
1457 2
1458 2
1459 2
1460 2
1461 2
1462 2
1463 2
1464 2
1465 2
1466 2
1467 2
1468 2
1469 2
1470 5
1471 5
1472 5
1473 5
1474 5
1475 5
1476 5
1477 5
1478 5
1479 5
1480 5
1481 5
1482 5
1483 5
1484 5
1485 5
1486 5
1487 5
1488 5
1489 5
1490 5
1491 5
1492 5
1493 5
1494 5
1495 5
1496 5
1497 5
1498 5
1499 5
1500 5
1501 5
1502 5
1503 5
1504 5
1505 5
1506 5
1507 5
1508 5
1509 5
1510 5
1511 5
1512 5
1513 5
1514 5
1515 5
1516 5
1517 5
1518 5
1519 5
1520 5
1521 5
1522 5
1523 5
1524 5
1525 5
1526 5
1527 5
1528 5
1529 5
1530 5
1531 5
1532 5
1533 5
1534 5
1535 5
1536 5
1537 5
1538 5
1539 5
1540 5
1541 5
1542 5
1543 5
1544 5
1545 5
1546 5
1547 5
1548 5
1549 5
1550 5
1551 5
1552 5
1553 5
1554 5
1555 5
1556 5
1557 5
1558 5
1559 5
1560 5
1561 5
1562 5
1563 5
1564 5
1565 5
1566 5
1567 5
1568 5
1569 5
1570 5
1571 5
1572 5
1573 5
1574 5
1575 5
1576 5
1577 5
1578 5
1579 5
1580 5
1581 5
1582 5
1583 5
1584 5
1585 5
1586 5
1587 5
1588 5
1589 5
1590 5
1591 5
1592 5
1593 5
1594 5
1595 5
1596 5
1597 5
1598 5
1599 5
1600 5
1601 5
1602 5
1603 5
1604 5
1605 5
1606 5
1607 5
1608 5
1609 5
1610 5
1611 5
1612 5
1613 5
1614 5
1615 5
1616 5
1617 4
1618 4
1619 4
1620 4
1621 4
1622 4
1623 4
1624 4
1625 4
1626 4
1627 4
1628 4
1629 4
1630 4
1631 4
1632 4
1633 4
1634 4
1635 4
1636 4
1637 4
1638 4
1639 4
1640 4
1641 4
1642 4
1643 4
1644 4
1645 4
1646 4
1647 4
1648 4
1649 4
1650 4
1651 4
1652 4
1653 4
1654 4
1655 4
1656 4
1657 4
1658 4
1659 4
1660 4
1661 4
1662 4
1663 4
1664 4
1665 4
1666 4
1667 4
1668 4
1669 4
1670 4
1671 4
1672 4
1673 4
1674 4
1675 4
1676 4
1677 4
1678 4
1679 4
1680 4
1681 4
1682 4
1683 4
1684 4
1685 4
1686 4
1687 4
1688 4
1689 4
1690 4
1691 4
1692 4
1693 4
1694 4
1695 4
1696 4
1697 4
1698 4
1699 4
1700 4
1701 4
1702 4
1703 4
1704 4
1705 4
1706 4
1707 4
1708 4
1709 4
1710 4
1711 4
1712 4
1713 4
1714 4
1715 4
1716 4
1717 4
1718 4
1719 4
1720 4
1721 4
1722 4
1723 4
1724 4
1725 4
1726 4
1727 4
1728 4
1729 4
1730 4
1731 4
1732 4
1733 4
1734 4
1735 4
1736 4
1737 4
1738 4
1739 4
1740 4
1741 4
1742 4
1743 4
1744 4
1745 4
1746 4
1747 4
1748 4
1749 4
1750 4
1751 4
1752 4
1753 4
1754 4
1755 4
1756 4
1757 4
1758 4
1759 4
1760 4
1761 4
1762 4
1763 4
1764 4
1765 4
1766 4
1767 4
1768 4
1769 4
1770 4
1771 4
1772 4
1773 4
1774 4
1775 4
1776 4
1777 4
1778 4
1779 4
1780 4
1781 4
1782 4
1783 4
1784 4
1785 4
1786 4
1787 4
1788 4
1789 4
1790 4
1791 4
1792 4
1793 4
1794 4
1795 4
1796 4
1797 4
1798 4
1799 4
1800 4
1801 4
1802 4
1803 4
1804 4
1805 4
1806 4
1807 4
1808 4
1809 4
1810 4
1811 4
1812 4
1813 4
1814 4
1815 4
1816 4
1817 4
1818 4
1819 4
1820 4
1821 4
1822 4
1823 4
1824 4
1825 4
1826 4
1827 4
1828 4
1829 4
1830 4
1831 4
1832 4
1833 4
1834 4
1835 4
1836 4
1837 4
1838 4
1839 4
1840 4
1841 4
1842 4
1843 4
1844 4
1845 4
1846 4
1847 4
1848 5
1849 5
1850 5
1851 5
1852 5
1853 5
1854 5
1855 5
1856 5
1857 5
1858 5
1859 5
1860 5
1861 5
1862 5
1863 5
1864 5
1865 5
1866 5
1867 5
1868 5
1869 5
1870 5
1871 5
1872 5
1873 5
1874 5
1875 5
1876 5
1877 5
1878 5
1879 5
1880 5
1881 5
1882 5
1883 5
1884 5
1885 5
1886 5
1887 5
1888 5
1889 5
1890 5
1891 5
1892 5
1893 5
1894 5
1895 5
1896 5
1897 5
1898 5
1899 5
1900 5
1901 5
1902 5
1903 5
1904 5
1905 5
1906 5
1907 5
1908 5
1909 5
1910 5
1911 5
1912 5
1913 5
1914 5
1915 5
1916 5
1917 5
1918 5
1919 5
1920 5
1921 5
1922 5
1923 5
1924 5
1925 5
1926 5
1927 5
1928 5
1929 5
1930 5
1931 5
1932 5
1933 5
1934 5
1935 5
1936 5
1937 5
1938 5
1939 5
1940 5
1941 5
1942 5
1943 5
1944 5
1945 5
1946 5
1947 5
1948 5
1949 5
1950 5
1951 5
1952 5
1953 4
1954 4
1955 4
1956 4
1957 4
1958 4
1959 4
1960 4
1961 4
1962 4
1963 4
1964 4
1965 4
1966 4
1967 4
1968 4
1969 4
1970 4
1971 4
1972 4
1973 4
1974 5
1975 5
1976 5
1977 5
1978 5
1979 5
1980 5
1981 5
1982 5
1983 5
1984 5
1985 5
1986 5
1987 5
1988 5
1989 5
1990 5
1991 5
1992 5
1993 5
1994 5
1995 5
1996 5
1997 5
1998 5
1999 5
2000 5
2001 5
2002 5
2003 5
2004 5
2005 5
2006 5
2007 5
2008 5
2009 5
2010 5
2011 5
2012 5
2013 5
2014 5
2015 5
2016 5
2017 5
2018 5
2019 5
2020 5
2021 5
2022 5
2023 5
2024 5
2025 5
2026 5
2027 5
2028 5
2029 5
2030 5
2031 5
2032 5
2033 5
2034 5
2035 5
2036 5
2037 5
2038 5
2039 5
2040 5
2041 5
2042 5
2043 5
2044 5
2045 5
2046 5
2047 5
2048 5
2049 5
2050 5
2051 5
2052 5
2053 5
2054 5
2055 5
2056 5
2057 5
2058 5
2059 5
2060 5
2061 5
2062 5
2063 5
2064 5
2065 5
2066 5
2067 5
2068 5
2069 5
2070 5
2071 5
2072 5
2073 5
2074 5
2075 5
2076 5
2077 5
2078 5
2079 5
2080 5
2081 5
2082 5
2083 5
2084 5
2085 5
2086 5
2087 5
2088 5
2089 5
2090 5
2091 5
2092 5
2093 5
2094 5
2095 5
2096 5
2097 5
2098 5
2099 5
2100 5
2101 5
2102 5
2103 5
2104 5
2105 5
2106 5
2107 5
2108 5
2109 5
2110 5
2111 5
2112 5
2113 5
2114 5
2115 5
2116 5
2117 5
2118 5
2119 5
2120 5
2121 5
2122 5
2123 5
2124 5
2125 5
2126 5
2127 5
2128 5
2129 5
2130 5
2131 5
2132 5
2133 5
2134 5
2135 5
2136 5
2137 5
2138 5
2139 5
2140 5
2141 5
2142 5
2143 5
2144 5
2145 5
2146 5
2147 5
2148 5
2149 5
2150 5
2151 5
2152 5
2153 5
2154 5
2155 5
2156 5
2157 5
2158 5
2159 5
2160 5
2161 5
2162 5
2163 5
2164 5
2165 5
2166 5
2167 5
2168 5
2169 5
2170 5
2171 5
2172 5
2173 5
2174 5
2175 5
2176 5
2177 5
2178 5
2179 5
2180 5
2181 5
2182 5
2183 5
2184 5
2185 5
2186 5
2187 5
2188 5
2189 5
2190 5
2191 5
2192 5
2193 5
2194 5
2195 5
2196 5
2197 5
2198 5
2199 5
2200 5
2201 5
2202 5
2203 5
2204 5
2205 5
2206 5
2207 5
2208 5
2209 5
2210 5
2211 5
2212 5
2213 5
2214 5
2215 5
2216 5
2217 5
2218 5
2219 5
2220 5
2221 5
2222 5
2223 5
2224 5
2225 5
2226 5
2227 5
2228 5
2229 5
2230 5
2231 5
2232 5
2233 5
2234 5
2235 5
2236 5
2237 5
2238 5
2239 5
2240 5
2241 5
2242 5
2243 5
2244 5
2245 5
2246 5
2247 5
2248 5
2249 5
2250 5
2251 5
2252 5
2253 5
2254 5
2255 5
2256 5
2257 5
2258 5
2259 5
2260 5
2261 5
2262 5
2263 5
2264 5
2265 5
2266 5
2267 5
2268 2
2269 2
2270 2
2271 2
2272 2
2273 2
2274 2
2275 2
2276 2
2277 2
2278 2
2279 2
2280 2
2281 2
2282 2
2283 2
2284 2
2285 2
2286 2
2287 2
2288 2
2289 2
2290 2
2291 2
2292 2
2293 2
2294 2
2295 2
2296 2
2297 2
2298 2
2299 2
2300 2
2301 2
2302 2
2303 2
2304 2
2305 2
2306 2
2307 2
2308 2
2309 2
2310 2
2311 2
2312 2
2313 2
2314 2
2315 2
2316 2
2317 2
2318 2
2319 2
2320 2
2321 2
2322 2
2323 2
2324 2
2325 2
2326 2
2327 2
2328 2
2329 2
2330 2
2331 2
2332 2
2333 2
2334 2
2335 2
2336 2
2337 2
2338 2
2339 2
2340 2
2341 2
2342 2
2343 2
2344 2
2345 2
2346 2
2347 2
2348 2
2349 2
2350 2
2351 2
2352 2
2353 2
2354 2
2355 2
2356 2
2357 2
2358 2
2359 2
2360 2
2361 2
2362 2
2363 2
2364 2
2365 2
2366 2
2367 2
2368 2
2369 2
2370 2
2371 2
2372 2
2373 2
2374 2
2375 2
2376 2
2377 2
2378 2
2379 2
2380 2
2381 2
2382 2
2383 2
2384 2
2385 2
2386 2
2387 2
2388 2
2389 2
2390 2
2391 2
2392 2
2393 2
2394 2
2395 2
2396 2
2397 2
2398 2
2399 2
2400 2
2401 2
2402 2
2403 2
2404 2
2405 2
2406 2
2407 2
2408 2
2409 2
2410 2
2411 2
2412 2
2413 2
2414 2
2415 2
2416 2
2417 2
2418 2
2419 2
2420 2
2421 2
2422 2
2423 2
2424 2
2425 2
2426 2
2427 2
2428 2
2429 2
2430 2
2431 2
2432 2
2433 2
2434 2
2435 2
2436 2
2437 2
2438 2
2439 2
2440 2
2441 2
2442 2
2443 2
2444 2
2445 2
2446 2
2447 2
2448 2
2449 2
2450 2
2451 2
2452 2
2453 2
2454 2
2455 2
2456 2
2457 2
2458 2
2459 2
2460 2
2461 2
2462 2
2463 2
2464 2
2465 2
2466 2
2467 2
2468 2
2469 2
2470 2
2471 2
2472 2
2473 2
2474 2
2475 2
2476 2
2477 2
2478 2
2479 2
2480 2
2481 2
2482 2
2483 2
2484 2
2485 2
2486 2
2487 2
2488 2
2489 2
2490 2
2491 2
2492 2
2493 2
2494 2
2495 2
2496 2
2497 2
2498 2
2499 2
2500 2
2501 2
2502 2
2503 2
2504 2
2505 2
2506 2
2507 2
2508 2
2509 2
2510 2
2511 2
2512 2
2513 2
2514 2
2515 2
2516 2
2517 2
2518 2
2519 2
2520 5
2521 5
2522 5
2523 5
2524 5
2525 5
2526 5
2527 5
2528 5
2529 5
2530 5
2531 5
2532 5
2533 5
2534 5
2535 5
2536 5
2537 5
2538 5
2539 5
2540 5
2541 3
2542 3
2543 3
2544 3
2545 3
2546 3
2547 3
2548 3
2549 3
2550 3
2551 3
2552 3
2553 3
2554 3
2555 3
2556 3
2557 3
2558 3
2559 3
2560 3
2561 3
2562 3
2563 3
2564 3
2565 3
2566 3
2567 3
2568 3
2569 3
2570 3
2571 3
2572 3
2573 3
2574 3
2575 3
2576 3
2577 3
2578 3
2579 3
2580 3
2581 3
2582 3
2583 3
2584 3
2585 3
2586 3
2587 3
2588 3
2589 3
2590 3
2591 3
2592 3
2593 3
2594 3
2595 3
2596 3
2597 3
2598 3
2599 3
2600 3
2601 3
2602 3
2603 3
2604 3
2605 3
2606 3
2607 3
2608 3
2609 3
2610 3
2611 3
2612 3
2613 3
2614 3
2615 3
2616 3
2617 3
2618 3
2619 3
2620 3
2621 3
2622 3
2623 3
2624 3
2625 3
2626 3
2627 3
2628 3
2629 3
2630 3
2631 3
2632 3
2633 3
2634 3
2635 3
2636 3
2637 3
2638 3
2639 3
2640 3
2641 3
2642 3
2643 3
2644 3
2645 3
2646 3
2647 3
2648 3
2649 3
2650 3
2651 3
2652 3
2653 3
2654 3
2655 3
2656 3
2657 3
2658 3
2659 3
2660 3
2661 3
2662 3
2663 3
2664 3
2665 3
2666 3
2667 3
2668 3
2669 3
2670 3
2671 3
2672 3
2673 3
2674 3
2675 3
2676 3
2677 3
2678 3
2679 3
2680 3
2681 3
2682 3
2683 3
2684 3
2685 3
2686 3
2687 3
2688 5
2689 5
2690 5
2691 5
2692 5
2693 5
2694 5
2695 5
2696 5
2697 5
2698 5
2699 5
2700 5
2701 5
2702 5
2703 5
2704 5
2705 5
2706 5
2707 5
2708 5
2709 5
2710 5
2711 5
2712 5
2713 5
2714 5
2715 5
2716 5
2717 5
2718 5
2719 5
2720 5
2721 5
2722 5
2723 5
2724 5
2725 5
2726 5
2727 5
2728 5
2729 5
2730 5
2731 5
2732 5
2733 5
2734 5
2735 5
2736 5
2737 5
2738 5
2739 5
2740 5
2741 5
2742 5
2743 5
2744 5
2745 5
2746 5
2747 5
2748 5
2749 5
2750 5
2751 5
2752 5
2753 5
2754 5
2755 5
2756 5
2757 5
2758 5
2759 5
2760 5
2761 5
2762 5
2763 5
2764 5
2765 5
2766 5
2767 5
2768 5
2769 5
2770 5
2771 5
2772 5
2773 5
2774 5
2775 5
2776 5
2777 5
2778 5
2779 5
2780 5
2781 5
2782 5
2783 5
2784 5
2785 5
2786 5
2787 5
2788 5
2789 5
2790 5
2791 5
2792 5
2793 5
2794 5
2795 5
2796 5
2797 5
2798 5
2799 5
2800 5
2801 5
2802 5
2803 5
2804 5
2805 5
2806 5
2807 5
2808 5
2809 5
2810 5
2811 5
2812 5
2813 5
2814 5
2815 5
2816 5
2817 5
2818 5
2819 5
2820 5
2821 5
2822 5
2823 5
2824 5
2825 5
2826 5
2827 5
2828 5
2829 5
2830 5
2831 5
2832 5
2833 5
2834 5
2835 5
2836 5
2837 5
2838 5
2839 5
2840 5
2841 5
2842 5
2843 5
2844 5
2845 5
2846 5
2847 5
2848 5
2849 5
2850 5
2851 5
2852 5
2853 5
2854 5
2855 5
2856 5
2857 5
2858 5
2859 5
2860 5
2861 5
2862 5
2863 5
2864 5
2865 5
2866 5
2867 5
2868 5
2869 5
2870 5
2871 5
2872 5
2873 5
2874 5
2875 5
2876 5
2877 5
2878 5
2879 5
2880 5
2881 5
2882 5
2883 5
2884 5
2885 5
2886 5
2887 5
2888 5
2889 5
2890 5
2891 5
2892 5
2893 5
2894 5
2895 5
2896 5
2897 5
2898 5
2899 5
2900 5
2901 5
2902 5
2903 5
2904 5
2905 5
2906 5
2907 5
2908 5
2909 5
2910 5
2911 5
2912 5
2913 5
2914 5
2915 5
2916 5
2917 5
2918 5
2919 5
2920 5
2921 5
2922 5
2923 5
2924 5
2925 5
2926 5
2927 5
2928 5
2929 5
2930 5
2931 5
2932 5
2933 5
2934 5
2935 5
2936 5
2937 5
2938 5
2939 5
2940 5
2941 5
2942 5
2943 5
2944 5
2945 5
2946 5
2947 5
2948 5
2949 5
2950 5
2951 5
2952 5
2953 5
2954 5
2955 5
2956 5
2957 5
2958 5
2959 5
2960 5
2961 5
2962 5
2963 5
2964 5
2965 5
2966 5
2967 5
2968 5
2969 5
2970 5
2971 5
2972 5
2973 5
2974 5
2975 5
2976 5
2977 5
2978 5
2979 5
2980 5
2981 5
2982 5
2983 5
2984 5
2985 5
2986 5
2987 5
2988 5
2989 5
2990 5
2991 5
2992 5
2993 5
2994 5
2995 5
2996 5
2997 5
2998 5
2999 5
3000 5
3001 5
3002 5
3003 1
3004 1
3005 1
3006 1
3007 1
3008 1
3009 1
3010 1
3011 1
3012 1
3013 1
3014 1
3015 1
3016 1
3017 1
3018 1
3019 1
3020 1
3021 1
3022 1
3023 1
3024 1
3025 1
3026 1
3027 1
3028 1
3029 1
3030 1
3031 1
3032 1
3033 1
3034 1
3035 1
3036 1
3037 1
3038 1
3039 1
3040 1
3041 1
3042 1
3043 1
3044 1
3045 1
3046 1
3047 1
3048 1
3049 1
3050 1
3051 1
3052 1
3053 1
3054 1
3055 1
3056 1
3057 1
3058 1
3059 1
3060 1
3061 1
3062 1
3063 1
3064 1
3065 1
3066 1
3067 1
3068 1
3069 1
3070 1
3071 1
3072 1
3073 1
3074 1
3075 1
3076 1
3077 1
3078 1
3079 1
3080 1
3081 1
3082 1
3083 1
3084 1