3656 1
6103 1
7902 1
9753 2
11102 1
13853 1
17403 1
21652 3
27254 1
33351 1
37355 1
40803 1
47955 2
49701 2
50951 2
53251 2
56702 2
59352 2
61558 4
63205 3
65153 2
66809 2
67802 2
69901 2
72854 2
73751 2
78151 2
80754 2
84502 3
87805 3
90802 3
91753 3
93001 3
96451 3
97453 3
98852 1
99557 3
100103 3
101707 3
104104 3
106153 3
107505 1
108551 3
109251 4
111652 3
112552 3
113653 2
115453 3
117102 3
117902 4
119051 3
121004 4
121902 4
124152 4
126101 4
128453 4
131152 4
133801 4
135652 4
140706 4
143603 4
146801 4
147851 4
148901 2
149653 4
156652 3
158503 4
159252 2
