2203 1
4052 1
5351 4
9552 5
12353 3
13403 5
15207 3
21102 3
24552 1
26753 4
28203 3
29801 1
32051 1
34052 1
35602 5
38204 5
38859 4
39256 5
41052 3
45252 1
48201 4
49653 5
54551 4
58851 3
61401 2
63603 3
64855 5
66702 1
68054 2
69055 2
70651 2
73604 2
75954 2
77155 2
80704 3
81555 3
82751 3
84801 3
87651 3
90501 3
91753 3
93653 3
96806 3
98554 3
99852 2
101454 3
104205 5
108852 3
117503 3
118905 3
119908 1
121851 4
122957 4
124608 3
126801 4
127801 2
131305 4
132804 4
134552 4
135852 4
138501 4
142703 4
150852 4
