6651 1
9702 2
14403 1
18551 1
22054 1
25553 5
26651 1
27801 1
28904 1
29203 1
32553 3
35401 1
37304 1
39151 1
44754 2
47601 2
49551 2
50705 2
52002 2
54302 2
59906 2
64004 2
65201 2
66652 2
68602 2
71702 2
73651 2
75351 2
76601 2
77452 2
77559 2
78052 1
79602 4
83751 3
88351 3
95855 3
99209 3
101201 3
103014 3
104751 2
106553 3
107805 3
108701 3
109853 3
110855 3
111855 3
114255 5
115306 5
116152 3
117101 3
118754 1
121003 4
123351 4
125003 4
126457 4
127557 4
132903 3
137051 4
139701 4
140053 1
141656 4
147301 1
149401 4
151404 4
152102 4
152552 4
153301 4
159051 4
