22051 3
34951 3
37254 2
39402 1
42055 3
44551 2
48802 1
54103 2
58256 2
59353 3
62901 1
64651 2
66004 2
67101 2
67752 2
71602 2
73954 2
75805 2
76854 2
79701 2
81454 4
85601 3
87555 3
88302 1
90102 3
93306 3
94856 3
96252 3
98005 3
99503 3
101151 4
101702 4
102764 3
103652 1
104955 5
107302 3
108602 3
110302 3
111502 3
112506 3
114203 3
116602 3
119202 3
121551 3
124252 5
125653 3
129203 3
130602 3
131455 4
136701 4
139852 4
141401 4
144502 4
146252 4
147553 4
148351 1
149955 4
151903 4
157355 4
158754 3
