3452 1
7951 5
11054 2
22403 1
25102 1
27301 1
34852 1
39006 1
41307 2
43303 2
46309 4
48451 2
49705 2
50601 5
51305 2
53552 2
57904 2
61303 2
64001 2
65005 2
66754 2
68651 2
70403 5
72001 1
74054 2
77202 2
83303 4
84404 4
85406 3
86553 3
88501 3
90803 3
92002 3
92601 3
93601 3
94703 1
95755 5
97104 1
98003 3
99254 3
103151 4
105901 3
108005 3
110853 3
114605 3
118451 3
121655 4
123103 4
124402 4
125306 4
125851 2
126801 4
129601 4
132805 4
134352 4
136151 4
137852 4
140252 4
142404 4
144151 3
147602 4
149404 4
154152 4
158801 4
