7602 5
17803 1
20951 1
26551 1
30002 5
41951 1
49504 2
50703 2
51652 2
53055 2
54001 3
58255 2
59653 5
62901 3
64651 5
66055 2
67401 2
69502 2
72006 3
73553 4
75506 4
77152 2
79303 4
80901 3
83101 3
84205 1
85003 1
87253 3
90303 3
93001 1
95502 5
97301 5
98705 3
99301 3
99802 1
103105 3
108853 2
112202 3
115903 3
117253 2
118655 3
119853 1
121454 2
123701 4
124401 5
125802 4
128903 4
131101 4
136204 4
140751 4
142654 3
147204 1
147802 3
148901 4
150654 4
152252 2
152801 4
153755 5
154055 5
154706 1
155056 3
155604 4
157654 5
158951 4
