3901 2
6354 1
8301 3
9552 1
12254 1
15654 1
18502 2
20401 5
21556 1
23604 1
25051 1
27751 1
33051 1
36455 1
43053 2
51601 2
53651 2
56751 2
59752 2
62351 2
65002 2
65853 2
67106 2
67602 2
69303 4
71902 2
73654 3
76306 2
76551 2
76854 1
77454 5
78154 2
79602 2
80702 4
84952 3
86402 3
87704 2
89354 3
92102 3
94554 3
96802 3
98055 5
99051 5
100903 3
103007 3
107205 3
109053 3
110852 3
111404 3
112305 3
115255 3
116302 3
117702 3
118402 3
119503 1
121453 3
126601 4
143901 4
147951 4
149856 4
152054 4
153405 5
155504 4
157102 4
158701 4
