2555 1
4403 1
5356 2
6152 1
8452 1
9455 1
9903 1
10904 3
13001 1
14554 1
17452 1
19452 1
21051 1
23951 1
25354 2
26254 5
27501 5
29651 5
33904 3
36752 4
41001 1
47202 2
52252 2
54302 2
59606 3
62401 2
64252 2
65155 1
67652 2
72756 2
74254 4
76406 2
77502 2
79402 4
84456 3
87852 3
91351 3
98353 3
102309 2
106503 3
108954 3
112902 3
114901 1
116305 5
118701 3
120202 3
121852 4
124653 4
128401 4
130152 4
131008 4
131852 4
133007 4
133901 1
134652 4
137903 4
143201 4
152452 4
155507 3
156853 4
158756 4
