4151 5
14501 5
33803 5
35653 1
40406 1
41605 2
44304 2
46502 1
51051 1
53155 5
55452 2
57152 1
58402 4
61105 2
62802 2
64301 1
65951 2
68252 3
70702 2
71806 2
73603 2
76051 4
77051 3
77905 1
79810 5
81254 5
84101 3
85402 3
86752 1
90555 3
93404 3
94901 3
96804 3
98203 3
100153 3
102052 3
103351 3
106351 3
108655 4
110902 3
111903 2
112802 2
119403 5
121351 5
122202 1
124352 4
126202 4
128054 4
130103 4
131253 4
133851 4
136402 1
137102 4
138301 4
140603 4
142151 3
144003 4
145703 4
147158 4
148355 2
150554 4
152151 1
152751 5
153457 5
157806 4
159456 4
