7752 1
12852 3
18202 1
22101 1
31452 1
33651 1
35355 3
37352 3
40601 1
46952 2
49902 2
52452 4
55801 2
62403 2
64054 1
65506 2
69053 2
73352 3
75351 3
76509 2
77251 5
77955 5
78907 2
80851 2
82655 3
84507 3
85504 3
87653 3
90202 3
92102 2
94353 5
96555 3
98252 1
102652 5
107655 3
108601 3
111752 3
112358 3
113352 2
115806 3
120351 3
121601 4
122705 4
125252 4
128902 4
130312 4
135501 4
137401 5
138751 4
140003 4
140701 4
142503 1
145453 4
147052 5
148056 4
150301 1
154252 4
155253 4
156651 1
158554 1
