18807 1
27007 1
31551 4
34901 4
38406 1
40653 3
42502 2
47503 3
49652 2
53154 2
57701 2
59604 2
60801 2
62103 2
63252 2
65152 2
66804 2
67902 2
69354 2
72054 2
77103 5
81501 2
84503 3
86852 3
97351 3
100152 3
101102 3
103101 1
103951 2
105355 3
107551 2
108452 4
109156 3
110354 3
111704 3
113302 2
117752 3
123104 1
125801 4
127103 4
129202 4
130703 1
132552 4
135504 4
136853 4
138354 1
139602 4
141705 4
142654 4
143052 1
145352 4
148002 3
149901 4
151451 4
152604 5
153753 4
154005 5
154604 2
155154 5
155951 5
157454 5
158502 1
159601 1
