7451 1
16002 3
24251 1
26903 1
33004 1
35201 1
37252 1
38902 4
40453 1
42102 2
42952 2
44303 2
45203 2
46402 2
48006 2
48703 3
49003 5
50202 2
53055 2
60401 2
63002 2
63904 2
64904 3
65851 5
66755 2
67604 2
70355 2
73001 2
73751 2
76506 2
87105 5
92101 3
94655 3
97151 3
99504 4
101101 1
105403 3
107253 2
109301 5
111701 4
112355 5
113303 3
115953 1
118151 3
119053 3
121302 3
123601 4
125301 4
126854 4
128653 4
130253 5
131953 4
133154 4
135502 1
137302 5
139552 4
143355 4
146502 4
147704 4
149001 5
150652 4
153501 4
156951 4
158857 3
