2952 1
6203 1
9604 1
18451 1
21002 5
23852 2
25751 5
33151 1
40302 2
43303 2
46304 3
48206 4
48851 5
49556 4
50751 2
52953 2
56051 2
60653 2
62154 2
65601 2
66402 2
67552 2
68551 2
73803 2
76104 2
77051 3
77655 3
78904 5
79257 2
80304 2
83402 3
85903 3
88305 4
92955 3
94201 3
95653 4
98152 1
101306 3
106508 3
109851 3
113954 1
127853 4
131001 4
132102 4
133151 4
134352 4
135503 4
137803 2
139853 4
142204 4
143804 4
144801 2
145955 4
146904 4
147951 4
149953 5
152152 1
154055 4
154953 5
156652 4
158455 4
160003 2
