10301 5
15004 1
33602 5
36404 2
40601 1
43251 2
44753 2
46202 3
51053 2
53851 2
56951 4
59003 2
60802 4
63452 2
68353 5
71752 2
73804 5
76004 5
77551 1
78103 4
78551 4
79052 2
79753 2
83502 3
86551 3
95803 3
100203 3
104803 3
105852 5
107654 2
109802 3
111755 3
114052 3
117509 4
118151 3
118901 1
120902 2
123601 4
125655 4
127103 4
128255 4
129654 4
130907 2
131751 3
133552 4
136301 4
137854 5
139351 4
140753 4
142504 4
143205 1
143352 5
144408 2
145755 4
147553 4
149156 4
151801 5
152502 4
153003 5
153951 4
154952 5
156854 5
158952 4
