16201 3
23052 1
27105 1
28951 1
30652 1
34653 1
36354 1
40453 1
42002 2
43951 2
47055 2
48803 2
50201 1
51052 4
52703 2
56051 2
58501 1
61352 2
63002 2
63851 2
64305 4
65502 3
67503 2
72102 4
76004 4
78604 4
79103 5
80001 2
81652 3
84654 3
86853 3
89051 3
90701 3
91354 2
92503 2
94401 5
98151 3
101351 3
103202 3
105352 3
107202 3
111555 1
113154 3
114452 3
128202 4
130054 5
131408 4
132853 1
134303 4
136802 4
139104 1
140003 4
142702 4
143204 3
143704 4
144255 4
145303 4
146403 1
147854 4
149455 4
150952 4
152054 3
153152 4
154403 3
156752 4
159154 1
