3605 1
6355 2
9302 2
12554 1
17352 1
20401 1
22251 3
32651 4
39301 1
41056 3
42954 2
45452 2
46951 2
48754 2
50256 4
51502 3
53251 2
57501 2
65151 2
69003 2
74654 2
80303 2
81503 1
84453 1
85456 1
87104 5
93051 3
95803 3
97304 3
99502 3
101203 5
103152 2
105902 1
109254 3
110651 5
112204 3
112858 2
113951 5
116453 4
117509 4
118952 2
120703 3
122502 4
124503 4
128854 5
130202 2
132003 4
134904 4
136155 4
140702 4
142104 4
143704 4
145253 4
146151 4
147055 4
148802 4
149753 1
151504 4
152252 4
154002 4
157052 2
158752 4
