5551 1
9901 1
18201 1
23752 1
26104 1
35502 1
41551 3
49702 1
54502 1
57404 5
59803 2
62402 2
64955 2
69052 1
70854 1
73755 2
75353 2
76651 5
77451 5
78654 2
80353 3
87354 2
91305 3
93405 2
94352 3
96702 3
98302 3
99954 3
102901 3
106052 3
106957 3
108351 3
109551 3
110108 2
111753 3
114952 3
119556 3
121454 3
125501 4
129903 1
131203 4
132754 4
133703 4
134651 4
136852 4
137556 4
138455 1
138953 3
140051 4
141105 4
142552 4
143101 1
143654 4
146952 4
147801 4
152303 4
154005 5
155654 4
157455 4
159851 4
