3203 1
6354 3
10754 1
14655 4
17153 1
20553 1
22201 1
25054 1
27754 1
30304 1
37251 1
38654 1
39703 1
45652 2
51903 2
58753 2
59602 3
61352 5
62351 2
64054 2
65555 2
66851 2
67601 1
72551 2
80551 2
83501 3
86552 3
88751 4
90801 3
93101 2
94851 3
96753 3
100901 3
103204 3
105201 3
106854 3
108401 3
110903 3
113856 3
115303 3
116754 4
118054 3
121151 5
124055 1
125551 4
126110 3
126801 4
128551 4
129356 4
130752 4
132156 4
133555 4
135005 4
137002 4
137952 3
139801 1
140402 3
141502 4
142301 4
146352 2
147704 1
151503 4
155202 4
159406 4
