3751 2
5853 1
7902 1
9505 5
9955 4
11105 1
12254 5
13205 1
15355 1
17653 1
19101 1
22403 1
24551 1
25551 1
26902 1
31604 2
35652 3
36851 4
38403 5
43205 2
46453 2
54253 2
56354 2
61901 2
65652 2
68753 2
70053 4
73956 2
75801 2
76655 5
78252 1
79102 4
81405 1
82454 1
84408 3
85202 3
86960 4
88402 3
90606 3
91402 1
93406 2
93803 1
94452 1
95752 3
96809 3
98801 3
100103 2
101554 4
106355 3
108852 4
114152 3
117558 3
118303 3
120502 2
121552 4
124101 4
126856 4
129302 4
130358 4
131105 1
132201 4
133403 1
134604 1
135501 4
138303 4
140204 4
144351 4
146905 4
148905 2
153555 4
155401 2
157302 4
159202 4
