2801 1
6955 5
9601 1
11153 1
17602 3
22204 3
26403 2
28701 3
30101 3
33756 1
35553 5
38304 1
38852 5
40751 1
45353 2
48551 2
50501 2
52953 2
54651 4
56652 2
60251 2
61101 2
65652 2
67251 2
68854 2
69507 2
70002 5
71501 2
72253 3
73451 2
74259 4
77153 1
77852 5
79153 4
80151 3
81009 3
81954 5
83202 3
84305 4
85101 3
86507 5
88851 3
90801 3
91951 5
94102 3
96953 1
101953 3
108551 3
111503 3
114654 3
118403 3
119801 3
120658 4
121601 2
124153 4
128253 4
130901 4
131602 4
137001 4
140103 4
143201 4
147851 4
148953 4
152101 3
159252 4
