4352 1
7803 1
11602 1
15354 1
20502 1
24151 3
26152 3
29103 3
32102 3
35101 5
36452 5
41056 1
42302 2
44905 2
47403 4
48907 2
49354 2
50504 2
51403 2
53354 2
55451 2
61502 2
63002 3
63905 5
65703 3
67252 2
73801 5
79201 1
80956 2
84501 5
87602 3
92005 3
94354 3
96253 3
97456 2
98305 2
99252 2
99711 2
100003 2
103003 4
104951 3
108603 3
109957 3
111302 3
112304 3
113354 3
114307 3
117105 2
119752 3
125351 5
126106 4
127251 4
129852 4
131303 4
134356 4
136002 4
138260 4
139102 4
140653 4
141501 4
142805 4
146401 4
147054 4
147352 3
150004 4
152902 4
154155 2
155057 4
156756 4
157602 3
158801 4
159752 4
