7552 4
10404 3
18501 2
21355 2
22703 2
23302 2
25003 1
27403 1
28858 1
30405 3
32756 1
35503 1
39051 4
41851 5
42655 3
43407 2
44053 2
45655 1
48602 2
51056 2
53052 2
54901 3
58151 5
61302 2
63453 2
66002 2
68201 3
72503 2
73902 2
76152 2
76753 2
77905 2
79801 2
82705 3
86401 3
90154 1
92701 3
94704 3
95802 3
97454 3
98001 3
99356 3
100102 2
101051 5
102451 3
104701 3
105607 2
107402 2
108405 3
109055 3
109903 3
111352 2
112454 3
115351 3
118451 3
119252 3
121203 5
122256 1
124351 1
126109 5
129303 1
130605 4
134103 4
141451 4
144202 4
145151 2
146453 4
148054 4
152652 4
153903 5
156002 4
159502 2
