3601 1
8601 1
11451 1
13552 3
19606 1
24002 1
27253 1
28704 1
31751 1
34057 1
35553 1
37601 1
38502 4
40106 4
40503 2
43852 2
45804 2
47804 2
49703 2
51503 2
55553 2
61503 2
63454 2
65706 2
67304 2
69201 4
70106 3
70857 2
71601 2
73404 2
74602 3
76502 2
77257 2
79001 3
80453 2
82755 3
84403 3
86502 2
90803 5
96252 3
100804 4
103451 3
107902 3
113353 3
118253 3
120902 3
125451 4
126803 2
128354 4
130555 4
131159 4
131902 2
132804 3
133752 4
134452 4
137152 2
139153 5
144801 4
146151 4
148653 2
150903 4
153506 4
