1 0
2 0
3 0
4 0
5 0
6 0
7 0
8 0
9 0
10 0
11 0
12 0
13 0
14 0
15 0
16 0
17 0
18 0
19 0
20 0
21 5
22 5
23 5
24 5
25 5
26 5
27 5
28 5
29 5
30 5
31 5
32 5
33 5
34 5
35 5
36 5
37 5
38 5
39 5
40 5
41 5
42 5
43 5
44 5
45 5
46 5
47 5
48 5
49 5
50 5
51 5
52 5
53 5
54 5
55 5
56 5
57 5
58 5
59 5
60 5
61 5
62 5
63 4
64 4
65 4
66 4
67 4
68 4
69 4
70 4
71 4
72 4
73 4
74 4
75 4
76 4
77 4
78 4
79 4
80 4
81 4
82 4
83 4
84 4
85 4
86 4
87 4
88 4
89 4
90 4
91 4
92 4
93 4
94 4
95 4
96 4
97 4
98 4
99 4
100 4
101 4
102 4
103 4
104 4
105 4
106 4
107 4
108 4
109 4
110 4
111 4
112 4
113 4
114 4
115 4
116 4
117 4
118 4
119 4
120 4
121 4
122 4
123 4
124 4
125 4
126 4
127 4
128 4
129 4
130 4
131 4
132 4
133 4
134 4
135 4
136 4
137 4
138 4
139 4
140 4
141 4
142 4
143 4
144 4
145 4
146 4
147 4
148 4
149 4
150 4
151 4
152 4
153 4
154 4
155 4
156 4
157 4
158 4
159 4
160 4
161 4
162 4
163 4
164 4
165 4
166 4
167 4
168 5
169 5
170 5
171 5
172 5
173 5
174 5
175 5
176 5
177 5
178 5
179 5
180 5
181 5
182 5
183 5
184 5
185 5
186 5
187 5
188 5
189 5
190 5
191 5
192 5
193 5
194 5
195 5
196 5
197 5
198 5
199 5
200 5
201 5
202 5
203 5
204 5
205 5
206 5
207 5
208 5
209 5
210 5
211 5
212 5
213 5
214 5
215 5
216 5
217 5
218 5
219 5
220 5
221 5
222 5
223 5
224 5
225 5
226 5
227 5
228 5
229 5
230 5
231 5
232 5
233 5
234 5
235 5
236 5
237 5
238 5
239 5
240 5
241 5
242 5
243 5
244 5
245 5
246 5
247 5
248 5
249 5
250 5
251 5
252 5
253 5
254 5
255 5
256 5
257 5
258 5
259 5
260 5
261 5
262 5
263 5
264 5
265 5
266 5
267 5
268 5
269 5
270 5
271 5
272 5
273 5
274 5
275 5
276 5
277 5
278 5
279 5
280 5
281 5
282 5
283 5
284 5
285 5
286 5
287 5
288 5
289 5
290 5
291 5
292 5
293 5
294 5
295 5
296 5
297 5
298 5
299 5
300 5
301 5
302 5
303 5
304 5
305 5
306 5
307 5
308 5
309 5
310 5
311 5
312 5
313 5
314 5
315 5
316 5
317 5
318 5
319 5
320 5
321 5
322 5
323 5
324 5
325 5
326 5
327 5
328 5
329 5
330 5
331 5
332 5
333 5
334 5
335 5
336 5
337 5
338 5
339 5
340 5
341 5
342 5
343 5
344 5
345 5
346 5
347 5
348 5
349 5
350 5
351 5
352 5
353 5
354 5
355 5
356 5
357 5
358 5
359 5
360 5
361 5
362 5
363 5
364 5
365 5
366 5
367 5
368 5
369 5
370 5
371 5
372 5
373 5
374 5
375 5
376 5
377 5
378 5
379 5
380 5
381 5
382 5
383 5
384 5
385 5
386 5
387 5
388 5
389 5
390 5
391 5
392 5
393 5
394 5
395 5
396 5
397 5
398 5
399 5
400 5
401 5
402 5
403 5
404 5
405 5
406 5
407 5
408 5
409 5
410 5
411 5
412 5
413 5
414 5
415 5
416 5
417 5
418 5
419 5
420 5
421 5
422 5
423 5
424 5
425 5
426 5
427 5
428 5
429 5
430 5
431 5
432 5
433 5
434 5
435 5
436 5
437 5
438 5
439 5
440 5
441 5
442 5
443 5
444 5
445 5
446 5
447 5
448 5
449 5
450 5
451 5
452 5
453 5
454 5
455 5
456 5
457 5
458 5
459 5
460 5
461 5
462 5
463 5
464 5
465 5
466 5
467 5
468 5
469 5
470 5
471 5
472 5
473 5
474 5
475 5
476 5
477 5
478 5
479 5
480 5
481 5
482 5
483 5
484 5
485 5
486 5
487 5
488 5
489 5
490 5
491 5
492 5
493 5
494 5
495 5
496 5
497 5
498 5
499 5
500 5
501 5
502 5
503 5
504 5
505 5
506 5
507 5
508 5
509 5
510 5
511 5
512 5
513 5
514 5
515 5
516 5
517 5
518 5
519 5
520 5
521 5
522 5
523 5
524 5
525 5
526 5
527 5
528 5
529 5
530 5
531 5
532 5
533 5
534 5
535 5
536 5
537 5
538 5
539 5
540 5
541 5
542 5
543 5
544 5
545 5
546 5
547 5
548 5
549 5
550 5
551 5
552 5
553 5
554 5
555 5
556 5
557 5
558 5
559 5
560 5
561 5
562 5
563 5
564 5
565 5
566 5
567 5
568 5
569 5
570 5
571 5
572 5
573 5
574 5
575 5
576 5
577 5
578 5
579 5
580 5
581 5
582 5
583 5
584 5
585 5
586 5
587 5
588 5
589 5
590 5
591 5
592 5
593 5
594 5
595 5
596 5
597 5
598 5
599 5
600 5
601 5
602 5
603 5
604 5
605 5
606 5
607 5
608 5
609 5
610 5
611 5
612 5
613 5
614 5
615 5
616 5
617 5
618 5
619 5
620 5
621 5
622 5
623 5
624 5
625 5
626 5
627 5
628 5
629 5
630 5
631 5
632 5
633 5
634 5
635 5
636 5
637 5
638 5
639 5
640 5
641 5
642 5
643 5
644 5
645 5
646 5
647 5
648 5
649 5
650 5
651 5
652 5
653 5
654 5
655 5
656 5
657 5
658 5
659 5
660 5
661 5
662 5
663 5
664 5
665 5
666 5
667 5
668 5
669 5
670 5
671 5
672 5
673 5
674 5
675 5
676 5
677 5
678 5
679 5
680 5
681 5
682 5
683 5
684 5
685 5
686 5
687 5
688 5
689 5
690 5
691 5
692 5
693 5
694 5
695 5
696 5
697 5
698 5
699 5
700 5
701 5
702 5
703 5
704 5
705 5
706 5
707 5
708 5
709 5
710 5
711 5
712 5
713 5
714 2
715 2
716 2
717 2
718 2
719 2
720 2
721 2
722 2
723 2
724 2
725 2
726 2
727 2
728 2
729 2
730 2
731 2
732 2
733 2
734 2
735 2
736 2
737 2
738 2
739 2
740 2
741 2
742 2
743 2
744 2
745 2
746 2
747 2
748 2
749 2
750 2
751 2
752 2
753 2
754 2
755 2
756 2
757 2
758 2
759 2
760 2
761 2
762 2
763 2
764 2
765 2
766 2
767 2
768 2
769 2
770 2
771 2
772 2
773 2
774 2
775 2
776 2
777 2
778 2
779 2
780 2
781 2
782 2
783 2
784 2
785 2
786 2
787 2
788 2
789 2
790 2
791 2
792 2
793 2
794 2
795 2
796 2
797 2
798 2
799 2
800 2
801 2
802 2
803 2
804 2
805 2
806 2
807 2
808 2
809 2
810 2
811 2
812 2
813 2
814 2
815 2
816 2
817 2
818 2
819 2
820 2
821 2
822 2
823 2
824 2
825 2
826 2
827 2
828 2
829 2
830 2
831 2
832 2
833 2
834 2
835 2
836 2
837 2
838 2
839 2
840 2
841 2
842 2
843 2
844 2
845 2
846 2
847 2
848 2
849 2
850 2
851 2
852 2
853 2
854 2
855 2
856 2
857 2
858 2
859 2
860 2
861 2
862 2
863 2
864 2
865 2
866 2
867 2
868 2
869 2
870 2
871 2
872 2
873 2
874 2
875 2
876 2
877 2
878 2
879 2
880 2
881 2
882 4
883 4
884 4
885 4
886 4
887 4
888 4
889 4
890 4
891 4
892 4
893 4
894 4
895 4
896 4
897 4
898 4
899 4
900 4
901 4
902 4
903 4
904 4
905 4
906 4
907 4
908 4
909 4
910 4
911 4
912 4
913 4
914 4
915 4
916 4
917 4
918 4
919 4
920 4
921 4
922 4
923 4
924 4
925 4
926 4
927 4
928 4
929 4
930 4
931 4
932 4
933 4
934 4
935 4
936 4
937 4
938 4
939 4
940 4
941 4
942 4
943 4
944 4
945 4
946 4
947 4
948 4
949 4
950 4
951 4
952 4
953 4
954 4
955 4
956 4
957 4
958 4
959 4
960 4
961 4
962 4
963 4
964 4
965 4
966 4
967 4
968 4
969 4
970 4
971 4
972 4
973 4
974 4
975 4
976 4
977 4
978 4
979 4
980 4
981 4
982 4
983 4
984 4
985 4
986 4
987 4
988 4
989 4
990 4
991 4
992 4
993 4
994 4
995 4
996 4
997 4
998 4
999 4
1000 4
1001 4
1002 4
1003 4
1004 4
1005 4
1006 4
1007 4
1008 5
1009 5
1010 5
1011 5
1012 5
1013 5
1014 5
1015 5
1016 5
1017 5
1018 5
1019 5
1020 5
1021 5
1022 5
1023 5
1024 5
1025 5
1026 5
1027 5
1028 5
1029 5
1030 5
1031 5
1032 5
1033 5
1034 5
1035 5
1036 5
1037 5
1038 5
1039 5
1040 5
1041 5
1042 5
1043 5
1044 5
1045 5
1046 5
1047 5
1048 5
1049 5
1050 5
1051 5
1052 5
1053 5
1054 5
1055 5
1056 5
1057 5
1058 5
1059 5
1060 5
1061 5
1062 5
1063 5
1064 5
1065 5
1066 5
1067 5
1068 5
1069 5
1070 5
1071 2
1072 2
1073 2
1074 2
1075 2
1076 2
1077 2
1078 2
1079 2
1080 2
1081 2
1082 2
1083 2
1084 2
1085 2
1086 2
1087 2
1088 2
1089 2
1090 2
1091 2
1092 2
1093 2
1094 2
1095 2
1096 2
1097 2
1098 2
1099 2
1100 2
1101 2
1102 2
1103 2
1104 2
1105 2
1106 2
1107 2
1108 2
1109 2
1110 2
1111 2
1112 2
1113 2
1114 2
1115 2
1116 2
1117 2
1118 2
1119 2
1120 2
1121 2
1122 2
1123 2
1124 2
1125 2
1126 2
1127 2
1128 2
1129 2
1130 2
1131 2
1132 2
1133 2
1134 2
1135 2
1136 2
1137 2
1138 2
1139 2
1140 2
1141 2
1142 2
1143 2
1144 2
1145 2
1146 2
1147 2
1148 2
1149 2
1150 2
1151 2
1152 2
1153 2
1154 2
1155 2
1156 2
1157 2
1158 2
1159 2
1160 2
1161 2
1162 2
1163 2
1164 2
1165 2
1166 2
1167 2
1168 2
1169 2
1170 2
1171 2
1172 2
1173 2
1174 2
1175 2
1176 1
1177 1
1178 1
1179 1
1180 1
1181 1
1182 1
1183 1
1184 1
1185 1
1186 1
1187 1
1188 1
1189 1
1190 1
1191 1
1192 1
1193 1
1194 1
1195 1
1196 1
1197 1
1198 1
1199 1
1200 1
1201 1
1202 1
1203 1
1204 1
1205 1
1206 1
1207 1
1208 1
1209 1
1210 1
1211 1
1212 1
1213 1
1214 1
1215 1
1216 1
1217 1
1218 1
1219 1
1220 1
1221 1
1222 1
1223 1
1224 1
1225 1
1226 1
1227 1
1228 1
1229 1
1230 1
1231 1
1232 1
1233 1
1234 1
1235 1
1236 1
1237 1
1238 1
1239 1
1240 1
1241 1
1242 1
1243 1
1244 1
1245 1
1246 1
1247 1
1248 1
1249 1
1250 1
1251 1
1252 1
1253 1
1254 1
1255 1
1256 1
1257 1
1258 1
1259 1
1260 1
1261 1
1262 1
1263 1
1264 1
1265 1
1266 1
1267 1
1268 1
1269 1
1270 1
1271 1
1272 1
1273 1
1274 1
1275 1
1276 1
1277 1
1278 1
1279 1
1280 1
1281 2
1282 2
1283 2
1284 2
1285 2
1286 2
1287 2
1288 2
1289 2
1290 2
1291 2
1292 2
1293 2
1294 2
1295 2
1296 2
1297 2
1298 2
1299 2
1300 2
1301 2
1302 2
1303 2
1304 2
1305 2
1306 2
1307 2
1308 2
1309 2
1310 2
1311 2
1312 2
1313 2
1314 2
1315 2
1316 2
1317 2
1318 2
1319 2
1320 2
1321 2
1322 2
1323 1
1324 1
1325 1
1326 1
1327 1
1328 1
1329 1
1330 1
1331 1
1332 1
1333 1
1334 1
1335 1
1336 1
1337 1
1338 1
1339 1
1340 1
1341 1
1342 1
1343 1
1344 1
1345 1
1346 1
1347 1
1348 1
1349 1
1350 1
1351 1
1352 1
1353 1
1354 1
1355 1
1356 1
1357 1
1358 1
1359 1
1360 1
1361 1
1362 1
1363 1
1364 1
1365 1
1366 1
1367 1
1368 1
1369 1
1370 1
1371 1
1372 1
1373 1
1374 1
1375 1
1376 1
1377 1
1378 1
1379 1
1380 1
1381 1
1382 1
1383 1
1384 1
1385 1
1386 1
1387 1
1388 1
1389 1
1390 1
1391 1
1392 1
1393 1
1394 1
1395 1
1396 1
1397 1
1398 1
1399 1
1400 1
1401 1
1402 1
1403 1
1404 1
1405 1
1406 1
1407 1
1408 1
1409 1
1410 1
1411 1
1412 1
1413 1
1414 1
1415 1
1416 1
1417 1
1418 1
1419 1
1420 1
1421 1
1422 1
1423 1
1424 1
1425 1
1426 1
1427 1
1428 1
1429 1
1430 1
1431 1
1432 1
1433 1
1434 1
1435 1
1436 1
1437 1
1438 1
1439 1
1440 1
1441 1
1442 1
1443 1
1444 1
1445 1
1446 1
1447 1
1448 1
1449 1
1450 1
1451 1
1452 1
1453 1
1454 1
1455 1
1456 1
1457 1
1458 1
1459 1
1460 1
1461 1
1462 1
1463 1
1464 1
1465 1
1466 1
1467 1
1468 1
1469 1
1470 2
1471 2
1472 2
1473 2
1474 2
1475 2
1476 2
1477 2
1478 2
1479 2
1480 2
1481 2
1482 2
1483 2
1484 2
1485 2
1486 2
1487 2
1488 2
1489 2
1490 2
1491 2
1492 2
1493 2
1494 2
1495 2
1496 2
1497 2
1498 2
1499 2
1500 2
1501 2
1502 2
1503 2
1504 2
1505 2
1506 2
1507 2
1508 2
1509 2
1510 2
1511 2
1512 2
1513 2
1514 2
1515 2
1516 2
1517 2
1518 2
1519 2
1520 2
1521 2
1522 2
1523 2
1524 2
1525 2
1526 2
1527 2
1528 2
1529 2
1530 2
1531 2
1532 2
1533 2
1534 2
1535 2
1536 2
1537 2
1538 2
1539 2
1540 2
1541 2
1542 2
1543 2
1544 2
1545 2
1546 2
1547 2
1548 2
1549 2
1550 2
1551 2
1552 2
1553 2
1554 2
1555 2
1556 2
1557 2
1558 2
1559 2
1560 2
1561 2
1562 2
1563 2
1564 2
1565 2
1566 2
1567 2
1568 2
1569 2
1570 2
1571 2
1572 2
1573 2
1574 2
1575 3
1576 3
1577 3
1578 3
1579 3
1580 3
1581 3
1582 3
1583 3
1584 3
1585 3
1586 3
1587 3
1588 3
1589 3
1590 3
1591 3
1592 3
1593 3
1594 3
1595 3
1596 3
1597 3
1598 3
1599 3
1600 3
1601 3
1602 3
1603 3
1604 3
1605 3
1606 3
1607 3
1608 3
1609 3
1610 3
1611 3
1612 3
1613 3
1614 3
1615 3
1616 3
1617 3
1618 3
1619 3
1620 3
1621 3
1622 3
1623 3
1624 3
1625 3
1626 3
1627 3
1628 3
1629 3
1630 3
1631 3
1632 3
1633 3
1634 3
1635 3
1636 3
1637 3
1638 2
1639 2
1640 2
1641 2
1642 2
1643 2
1644 2
1645 2
1646 2
1647 2
1648 2
1649 2
1650 2
1651 2
1652 2
1653 2
1654 2
1655 2
1656 2
1657 2
1658 2
1659 2
1660 2
1661 2
1662 2
1663 2
1664 2
1665 2
1666 2
1667 2
1668 2
1669 2
1670 2
1671 2
1672 2
1673 2
1674 2
1675 2
1676 2
1677 2
1678 2
1679 2
1680 2
1681 2
1682 2
1683 2
1684 2
1685 2
1686 2
1687 2
1688 2
1689 2
1690 2
1691 2
1692 2
1693 2
1694 2
1695 2
1696 2
1697 2
1698 2
1699 2
1700 2
1701 2
1702 2
1703 2
1704 2
1705 2
1706 2
1707 2
1708 2
1709 2
1710 2
1711 2
1712 2
1713 2
1714 2
1715 2
1716 2
1717 2
1718 2
1719 2
1720 2
1721 2
1722 2
1723 2
1724 2
1725 2
1726 2
1727 2
1728 2
1729 2
1730 2
1731 2
1732 2
1733 2
1734 2
1735 2
1736 2
1737 2
1738 2
1739 2
1740 2
1741 2
1742 2
1743 2
1744 2
1745 2
1746 2
1747 2
1748 2
1749 2
1750 2
1751 2
1752 2
1753 2
1754 2
1755 2
1756 2
1757 2
1758 2
1759 2
1760 2
1761 2
1762 2
1763 2
1764 2
1765 2
1766 2
1767 2
1768 2
1769 2
1770 2
1771 2
1772 2
1773 2
1774 2
1775 2
1776 2
1777 2
1778 2
1779 2
1780 2
1781 2
1782 2
1783 2
1784 2
1785 5
1786 5
1787 5
1788 5
1789 5
1790 5
1791 5
1792 5
1793 5
1794 5
1795 5
1796 5
1797 5
1798 5
1799 5
1800 5
1801 5
1802 5
1803 5
1804 5
1805 5
1806 5
1807 5
1808 5
1809 5
1810 5
1811 5
1812 5
1813 5
1814 5
1815 5
1816 5
1817 5
1818 5
1819 5
1820 5
1821 5
1822 5
1823 5
1824 5
1825 5
1826 5
1827 5
1828 5
1829 5
1830 5
1831 5
1832 5
1833 5
1834 5
1835 5
1836 5
1837 5
1838 5
1839 5
1840 5
1841 5
1842 5
1843 5
1844 5
1845 5
1846 5
1847 5
1848 5
1849 5
1850 5
1851 5
1852 5
1853 5
1854 5
1855 5
1856 5
1857 5
1858 5
1859 5
1860 5
1861 5
1862 5
1863 5
1864 5
1865 5
1866 5
1867 5
1868 5
1869 5
1870 5
1871 5
1872 5
1873 5
1874 5
1875 5
1876 5
1877 5
1878 5
1879 5
1880 5
1881 5
1882 5
1883 5
1884 5
1885 5
1886 5
1887 5
1888 5
1889 5
1890 5
1891 5
1892 5
1893 5
1894 5
1895 5
1896 5
1897 5
1898 5
1899 5
1900 5
1901 5
1902 5
1903 5
1904 5
1905 5
1906 5
1907 5
1908 5
1909 5
1910 5
1911 5
1912 5
1913 5
1914