2402 2
8503 1
10554 1
14501 1
18451 1
25002 1
30551 1
32653 2
39806 3
42201 2
43102 2
45103 2
46001 3
48852 2
51951 4
54002 2
60652 2
63454 2
65604 2
66201 2
66904 2
67459 2
68006 2
69654 4
71751 5
73804 1
76203 2
77658 4
78604 2
78954 3
79503 5
81103 5
85957 3
87856 5
91651 3
93002 3
103002 3
106401 3
110154 3
111754 1
112802 3
115451 3
117701 3
119402 3
121401 4
122454 4
123756 4
125603 4
127002 4
129154 4
129952 4
131106 3
132902 3
137401 2
139758 2
139902 5
140004 5
140556 3
141156 4
141906 1
143101 5
145204 3
146105 4
146906 4
148354 4
150001 5
150903 5
152604 5
153951 1
154353 4
154956 1
156056 4
158951 3
