1 0
2 0
3 0
4 0
5 0
6 0
7 0
8 0
9 0
10 0
11 0
12 0
13 0
14 0
15 0
16 0
17 0
18 0
19 0
20 0
21 5
22 5
23 5
24 5
25 5
26 5
27 5
28 5
29 5
30 5
31 5
32 5
33 5
34 5
35 5
36 5
37 5
38 5
39 5
40 5
41 5
42 2
43 2
44 2
45 2
46 2
47 2
48 2
49 2
50 2
51 2
52 2
53 2
54 2
55 2
56 2
57 2
58 2
59 2
60 2
61 2
62 2
63 2
64 2
65 2
66 2
67 2
68 2
69 2
70 2
71 2
72 2
73 2
74 2
75 2
76 2
77 2
78 2
79 2
80 2
81 2
82 2
83 2
84 2
85 2
86 2
87 2
88 2
89 2
90 2
91 2
92 2
93 2
94 2
95 2
96 2
97 2
98 2
99 2
100 2
101 2
102 2
103 2
104 2
105 2
106 2
107 2
108 2
109 2
110 2
111 2
112 2
113 2
114 2
115 2
116 2
117 2
118 2
119 2
120 2
121 2
122 2
123 2
124 2
125 2
126 5
127 5
128 5
129 5
130 5
131 5
132 5
133 5
134 5
135 5
136 5
137 5
138 5
139 5
140 5
141 5
142 5
143 5
144 5
145 5
146 5
147 5
148 5
149 5
150 5
151 5
152 5
153 5
154 5
155 5
156 5
157 5
158 5
159 5
160 5
161 5
162 5
163 5
164 5
165 5
166 5
167 5
168 5
169 5
170 5
171 5
172 5
173 5
174 5
175 5
176 5
177 5
178 5
179 5
180 5
181 5
182 5
183 5
184 5
185 5
186 5
187 5
188 5
189 5
190 5
191 5
192 5
193 5
194 5
195 5
196 5
197 5
198 5
199 5
200 5
201 5
202 5
203 5
204 5
205 5
206 5
207 5
208 5
209 5
210 5
211 5
212 5
213 5
214 5
215 5
216 5
217 5
218 5
219 5
220 5
221 5
222 5
223 5
224 5
225 5
226 5
227 5
228 5
229 5
230 5
231 5
232 5
233 5
234 5
235 5
236 5
237 5
238 5
239 5
240 5
241 5
242 5
243 5
244 5
245 5
246 5
247 5
248 5
249 5
250 5
251 5
252 5
253 5
254 5
255 5
256 5
257 5
258 5
259 5
260 5
261 5
262 5
263 5
264 5
265 5
266 5
267 5
268 5
269 5
270 5
271 5
272 5
273 3
274 3
275 3
276 3
277 3
278 3
279 3
280 3
281 3
282 3
283 3
284 3
285 3
286 3
287 3
288 3
289 3
290 3
291 3
292 3
293 3
294 3
295 3
296 3
297 3
298 3
299 3
300 3
301 3
302 3
303 3
304 3
305 3
306 3
307 3
308 3
309 3
310 3
311 3
312 3
313 3
314 3
315 3
316 3
317 3
318 3
319 3
320 3
321 3
322 3
323 3
324 3
325 3
326 3
327 3
328 3
329 3
330 3
331 3
332 3
333 3
334 3
335 3
336 3
337 3
338 3
339 3
340 3
341 3
342 3
343 3
344 3
345 3
346 3
347 3
348 3
349 3
350 3
351 3
352 3
353 3
354 3
355 3
356 3
357 3
358 3
359 3
360 3
361 3
362 3
363 3
364 3
365 3
366 3
367 3
368 3
369 3
370 3
371 3
372 3
373 3
374 3
375 3
376 3
377 3
378 5
379 5
380 5
381 5
382 5
383 5
384 5
385 5
386 5
387 5
388 5
389 5
390 5
391 5
392 5
393 5
394 5
395 5
396 5
397 5
398 5
399 5
400 5
401 5
402 5
403 5
404 5
405 5
406 5
407 5
408 5
409 5
410 5
411 5
412 5
413 5
414 5
415 5
416 5
417 5
418 5
419 5
420 5
421 5
422 5
423 5
424 5
425 5
426 5
427 5
428 5
429 5
430 5
431 5
432 5
433 5
434 5
435 5
436 5
437 5
438 5
439 5
440 5
441 5
442 5
443 5
444 5
445 5
446 5
447 5
448 5
449 5
450 5
451 5
452 5
453 5
454 5
455 5
456 5
457 5
458 5
459 5
460 5
461 5
462 5
463 5
464 5
465 5
466 5
467 5
468 5
469 5
470 5
471 5
472 5
473 5
474 5
475 5
476 5
477 5
478 5
479 5
480 5
481 5
482 5
483 5
484 5
485 5
486 5
487 5
488 5
489 5
490 5
491 5
492 5
493 5
494 5
495 5
496 5
497 5
498 5
499 5
500 5
501 5
502 5
503 5
504 5
505 5
506 5
507 5
508 5
509 5
510 5
511 5
512 5
513 5
514 5
515 5
516 5
517 5
518 5
519 5
520 5
521 5
522 5
523 5
524 5
525 5
526 5
527 5
528 5
529 5
530 5
531 5
532 5
533 5
534 5
535 5
536 5
537 5
538 5
539 5
540 5
541 5
542 5
543 5
544 5
545 5
546 5
547 5
548 5
549 5
550 5
551 5
552 5
553 5
554 5
555 5
556 5
557 5
558 5
559 5
560 5
561 5
562 5
563 5
564 5
565 5
566 5
567 5
568 5
569 5
570 5
571 5
572 5
573 5
574 5
575 5
576 5
577 5
578 5
579 5
580 5
581 5
582 5
583 5
584 5
585 5
586 5
587 5
588 5
589 5
590 5
591 5
592 5
593 5
594 5
595 5
596 5
597 5
598 5
599 5
600 5
601 5
602 5
603 5
604 5
605 5
606 5
607 5
608 5
609 1
610 1
611 1
612 1
613 1
614 1
615 1
616 1
617 1
618 1
619 1
620 1
621 1
622 1
623 1
624 1
625 1
626 1
627 1
628 1
629 1
630 4
631 4
632 4
633 4
634 4
635 4
636 4
637 4
638 4
639 4
640 4
641 4
642 4
643 4
644 4
645 4
646 4
647 4
648 4
649 4
650 4
651 4
652 4
653 4
654 4
655 4
656 4
657 4
658 4
659 4
660 4
661 4
662 4
663 4
664 4
665 4
666 4
667 4
668 4
669 4
670 4
671 4
672 4
673 4
674 4
675 4
676 4
677 4
678 4
679 4
680 4
681 4
682 4
683 4
684 4
685 4
686 4
687 4
688 4
689 4
690 4
691 4
692 4
693 4
694 4
695 4
696 4
697 4
698 4
699 4
700 4
701 4
702 4
703 4
704 4
705 4
706 4
707 4
708 4
709 4
710 4
711 4
712 4
713 4
714 4
715 4
716 4
717 4
718 4
719 4
720 4
721 4
722 4
723 4
724 4
725 4
726 4
727 4
728 4
729 4
730 4
731 4
732 4
733 4
734 4
735 4
736 4
737 4
738 4
739 4
740 4
741 4
742 4
743 4
744 4
745 4
746 4
747 4
748 4
749 4
750 4
751 4
752 4
753 4
754 4
755 4
756 4
757 4
758 4
759 4
760 4
761 4
762 4
763 4
764 4
765 4
766 4
767 4
768 4
769 4
770 4
771 4
772 4
773 4
774 4
775 4
776 4
777 4
778 4
779 4
780 4
781 4
782 4
783 4
784 4
785 4
786 4
787 4
788 4
789 4
790 4
791 4
792 4
793 4
794 4
795 4
796 4
797 4
798 4
799 4
800 4
801 4
802 4
803 4
804 4
805 4
806 4
807 4
808 4
809 4
810 4
811 4
812 4
813 4
814 4
815 4
816 4
817 4
818 4
819 1
820 1
821 1
822 1
823 1
824 1
825 1
826 1
827 1
828 1
829 1
830 1
831 1
832 1
833 1
834 1
835 1
836 1
837 1
838 1
839 1
840 4
841 4
842 4
843 4
844 4
845 4
846 4
847 4
848 4
849 4
850 4
851 4
852 4
853 4
854 4
855 4
856 4
857 4
858 4
859 4
860 4
861 2
862 2
863 2
864 2
865 2
866 2
867 2
868 2
869 2
870 2
871 2
872 2
873 2
874 2
875 2
876 2
877 2
878 2
879 2
880 2
881 2
882 2
883 2
884 2
885 2
886 2
887 2
888 2
889 2
890 2
891 2
892 2
893 2
894 2
895 2
896 2
897 2
898 2
899 2
900 2
901 2
902 2
903 2
904 2
905 2
906 2
907 2
908 2
909 2
910 2
911 2
912 2
913 2
914 2
915 2
916 2
917 2
918 2
919 2
920 2
921 2
922 2
923 2
924 2
925 2
926 2
927 2
928 2
929 2
930 2
931 2
932 2
933 2
934 2
935 2
936 2
937 2
938 2
939 2
940 2
941 2
942 2
943 2
944 2
945 2
946 2
947 2
948 2
949 2
950 2
951 2
952 2
953 2
954 2
955 2
956 2
957 2
958 2
959 2
960 2
961 2
962 2
963 2
964 2
965 2
966 4
967 4
968 4
969 4
970 4
971 4
972 4
973 4
974 4
975 4
976 4
977 4
978 4
979 4
980 4
981 4
982 4
983 4
984 4
985 4
986 4
987 4
988 4
989 4
990 4
991 4
992 4
993 4
994 4
995 4
996 4
997 4
998 4
999 4
1000 4
1001 4
1002 4
1003 4
1004 4
1005 4
1006 4
1007 4
1008 1
1009 1
1010 1
1011 1
1012 1
1013 1
1014 1
1015 1
1016 1
1017 1
1018 1
1019 1
1020 1
1021 1
1022 1
1023 1
1024 1
1025 1
1026 1
1027 1
1028 1
1029 1
1030 1
1031 1
1032 1
1033 1
1034 1
1035 1
1036 1
1037 1
1038 1
1039 1
1040 1
1041 1
1042 1
1043 1
1044 1
1045 1
1046 1
1047 1
1048 1
1049 1
1050 1
1051 1
1052 1
1053 1
1054 1
1055 1
1056 1
1057 1
1058 1
1059 1
1060 1
1061 1
1062 1
1063 1
1064 1
1065 1
1066 1
1067 1
1068 1
1069 1
1070 1
1071 1
1072 1
1073 1
1074 1
1075 1
1076 1
1077 1
1078 1
1079 1
1080 1
1081 1
1082 1
1083 1
1084 1
1085 1
1086 1
1087 1
1088 1
1089 1
1090 1
1091 1
1092 1
1093 1
1094 1
1095 1
1096 1
1097 1
1098 1
1099 1
1100 1
1101 1
1102 1
1103 1
1104 1
1105 1
1106 1
1107 1
1108 1
1109 1
1110 1
1111 1
1112 1
1113 1
1114 1
1115 1
1116 1
1117 1
1118 1
1119 1
1120 1
1121 1
1122 1
1123 1
1124 1
1125 1
1126 1
1127 1
1128 1
1129 1
1130 1
1131 1
1132 1
1133 1
1134 1
1135 1
1136 1
1137 1
1138 1
1139 1
1140 1
1141 1
1142 1
1143 1
1144 1
1145 1
1146 1
1147 1
1148 1
1149 1
1150 1
1151 1
1152 1
1153 1
1154 1
1155 1
1156 1
1157 1
1158 1
1159 1
1160 1
1161 1
1162 1
1163 1
1164 1
1165 1
1166 1
1167 1
1168 1
1169 1
1170 1
1171 1
1172 1
1173 1
1174 1
1175 1
1176 1
1177 1
1178 1
1179 1
1180 1
1181 1
1182 1
1183 1
1184 1
1185 1
1186 1
1187 1
1188 1
1189 1
1190 1
1191 1
1192 1
1193 1
1194 1
1195 1
1196 1
1197 1
1198 1
1199 1
1200 1
1201 1
1202 1
1203 1
1204 1
1205 1
1206 1
1207 1
1208 1
1209 1
1210 1
1211 1
1212 1
1213 1
1214 1
1215 1
1216 1
1217 1
1218 1
1219 1
1220 1
1221 1
1222 1
1223 1
1224 1
1225 1
1226 1
1227 1
1228 1
1229 1
1230 1
1231 1
1232 1
1233 1
1234 1
1235 1
1236 1
1237 1
1238 1
1239 1
1240 1
1241 1
1242 1
1243 1
1244 1
1245 1
1246 1
1247 1
1248 1
1249 1
1250 1
1251 1
1252 1
1253 1
1254 1
1255 1
1256 1
1257 1
1258 1
1259 1
1260 1
1261 1
1262 1
1263 1
1264 1
1265 1
1266 1
1267 1
1268 1
1269 1
1270 1
1271 1
1272 1
1273 1
1274 1
1275 1
1276 1
1277 1
1278 1
1279 1
1280 1
1281 1
1282 1
1283 1
1284 1
1285 1
1286 1
1287 1
1288 1
1289 1
1290 1
1291 1
1292 1
1293 1
1294 1
1295 1
1296 1
1297 1
1298 1
1299 1
1300 1
1301 1
1302 1
1303 1
1304 1
1305 1
1306 1
1307 1
1308 1
1309 1
1310 1
1311 1
1312 1
1313 1
1314 1
1315 1
1316 1
1317 1
1318 1
1319 1
1320 1
1321 1
1322 1
1323 1
1324 1
1325 1
1326 1
1327 1
1328 1
1329 1
1330 1
1331 1
1332 1
1333 1
1334 1
1335 1
1336 1
1337 1
1338 1
1339 1
1340 1
1341 1
1342 1
1343 1
1344 4
1345 4
1346 4
1347 4
1348 4
1349 4
1350 4
1351 4
1352 4
1353 4
1354 4
1355 4
1356 4
1357 4
1358 4
1359 4
1360 4
1361 4
1362 4
1363 4
1364 4
1365 4
1366 4
1367 4
1368 4
1369 4
1370 4
1371 4
1372 4
1373 4
1374 4
1375 4
1376 4
1377 4
1378 4
1379 4
1380 4
1381 4
1382 4
1383 4
1384 4
1385 4
1386 4
1387 4
1388 4
1389 4
1390 4
1391 4
1392 4
1393 4
1394 4
1395 4
1396 4
1397 4
1398 4
1399 4
1400 4
1401 4
1402 4
1403 4
1404 4
1405 4
1406 4
1407 3
1408 3
1409 3
1410 3
1411 3
1412 3
1413 3
1414 3
1415 3
1416 3
1417 3
1418 3
1419 3
1420 3
1421 3
1422 3
1423 3
1424 3
1425 3
1426 3
1427 3
1428 3
1429 3
1430 3
1431 3
1432 3
1433 3
1434 3
1435 3
1436 3
1437 3
1438 3
1439 3
1440 3
1441 3
1442 3
1443 3
1444 3
1445 3
1446 3
1447 3
1448 3
1449 3
1450 3
1451 3
1452 3
1453 3
1454 3
1455 3
1456 3
1457 3
1458 3
1459 3
1460 3
1461 3
1462 3
1463 3
1464 3
1465 3
1466 3
1467 3
1468 3
1469 3
1470 3
1471 3
1472 3
1473 3
1474 3
1475 3
1476 3
1477 3
1478 3
1479 3
1480 3
1481 3
1482 3
1483 3
1484 3
1485 3
1486 3
1487 3
1488 3
1489 3
1490 3
1491 3
1492 3
1493 3
1494 3
1495 3
1496 3
1497 3
1498 3
1499 3
1500 3
1501 3
1502 3
1503 3
1504 3
1505 3
1506 3
1507 3
1508 3
1509 3
1510 3
1511 3
1512 3
1513 3
1514 3
1515 3
1516 3
1517 3
1518 3
1519 3
1520 3
1521 3
1522 3
1523 3
1524 3
1525 3
1526 3
1527 3
1528 3
1529 3
1530 3
1531 3
1532 3
1533 4
1534 4
1535 4
1536 4
1537 4
1538 4
1539 4
1540 4
1541 4
1542 4
1543 4
1544 4
1545 4
1546 4
1547 4
1548 4
1549 4
1550 4
1551 4
1552 4
1553 4
1554 4
1555 4
1556 4
1557 4
1558 4
1559 4
1560 4
1561 4
1562 4
1563 4
1564 4
1565 4
1566 4
1567 4
1568 4
1569 4
1570 4
1571 4
1572 4
1573 4
1574 4
1575 4
1576 4
1577 4
1578 4
1579 4
1580 4
1581 4
1582 4
1583 4
1584 4
1585 4
1586 4
1587 4
1588 4
1589 4
1590 4
1591 4
1592 4
1593 4
1594 4
1595 4
1596 4
1597 4
1598 4
1599 4
1600 4
1601 4
1602 4
1603 4
1604 4
1605 4
1606 4
1607 4
1608 4
1609 4
1610 4
1611 4
1612 4
1613 4
1614 4
1615 4
1616 4
1617 4
1618 4
1619 4
1620 4
1621 4
1622 4
1623 4
1624 4
1625 4
1626 4
1627 4
1628 4
1629 4
1630 4
1631 4
1632 4
1633 4
1634 4
1635 4
1636 4
1637 4
1638 4
1639 4
1640 4
1641 4
1642 4
1643 4
1644 4
1645 4
1646 4
1647 4
1648 4
1649 4
1650 4
1651 4
1652 4
1653 4
1654 4
1655 4
1656 4
1657 4
1658 4
1659 3
1660 3
1661 3
1662 3
1663 3
1664 3
1665 3
1666 3
1667 3
1668 3
1669 3
1670 3
1671 3
1672 3
1673 3
1674 3
1675 3
1676 3
1677 3
1678 3
1679 3
1680 3
1681 3
1682 3
1683 3
1684 3
1685 3
1686 3
1687 3
1688 3
1689 3
1690 3
1691 3
1692 3
1693 3
1694 3
1695 3
1696 3
1697 3
1698 3
1699 3
1700 3
1701 3
1702 3
1703 3
1704 3
1705 3
1706 3
1707 3
1708 3
1709 3
1710 3
1711 3
1712 3
1713 3
1714 3
1715 3
1716 3
1717 3
1718 3
1719 3
1720 3
1721 3
1722 3
1723 3
1724 3
1725 3
1726 3
1727 3
1728 3
1729 3
1730 3
1731 3
1732 3
1733 3
1734 3
1735 3
1736 3
1737 3
1738 3
1739 3
1740 3
1741 3
1742 3
1743 3
1744 3
1745 3
1746 3
1747 3
1748 3
1749 3
1750 3
1751 3
1752 3
1753 3
1754 3
1755 3
1756 3
1757 3
1758 3
1759 3
1760 3
1761 3
1762 3
1763 3
1764 3
1765 3
1766 3
1767 3
1768 3
1769 3
1770 3
1771 3
1772 3
1773 3
1774 3
1775 3
1776 3
1777 3
1778 3
1779 3
1780 3
1781 3
1782 3
1783 3
1784 3
1785 3
1786 3
1787 3
1788 3
1789 3
1790 3
1791 3
1792 3
1793 3
1794 3
1795 3
1796 3
1797 3
1798 3
1799 3
1800 3
1801 3
1802 3
1803 3
1804 3
1805 3
1806 1
1807 1
1808 1
1809 1
1810 1
1811 1
1812 1
1813 1
1814 1
1815 1
1816 1
1817 1
1818 1
1819 1
1820 1
1821 1
1822 1
1823 1
1824 1
1825 1
1826 1
1827 1
1828 1
1829 1
1830 1
1831 1
1832 1
1833 1
1834 1
1835 1
1836 1
1837 1
1838 1
1839 1
1840 1
1841 1
1842 1
1843 1
1844 1
1845 1
1846 1
1847 1
1848 1
1849 1
1850 1
1851 1
1852 1
1853 1
1854 1
1855 1
1856 1
1857 1
1858 1
1859 1
1860 1
1861 1
1862 1
1863 1
1864 1
1865 1
1866 1
1867 1
1868 1
1869 1
1870 1
1871 1
1872 1
1873 1
1874 1
1875 1
1876 1
1877 1
1878 1
1879 1
1880 1
1881 1
1882 1
1883 1
1884 1
1885 1
1886 1
1887 1
1888 1
1889 1
1890 1
1891 1
1892 1
1893 1
1894 1
1895 1
1896 1
1897 1
1898 1
1899 1
1900 1
1901 1
1902 1
1903 1
1904 1
1905 1
1906 1
1907 1
1908 1
1909 1
1910 1
1911 1
1912 1
1913 1
1914