3201 5
7501 1
9752 1
13503 1
15352 4
17253 1
20302 1
24501 1
26805 4
29152 1
32456 2
34655 1
41553 2
42953 3
45402 2
50701 2
52105 2
54053 2
60206 2
61551 3
63002 2
65703 2
66552 4
68602 2
72854 2
75756 2
77006 2
78354 2
81555 2
83502 2
86752 3
91053 2
95951 2
98804 2
99657 2
100803 1
102051 2
103054 1
106351 4
106904 1
108254 3
108753 1
109503 3
111953 3
112802 2
114853 3
117253 3
119501 3
121902 4
123401 4
125003 5
126357 5
127051 4
128253 4
129852 4
134354 4
141103 1
142904 4
143705 4
144456 1
145201 4
147654 4
151401 1
158655 4
