5203 1
10204 3
14253 1
15651 1
20454 1
23851 1
27452 1
30751 1
36302 3
37502 3
40103 3
45402 2
48901 2
53056 2
61951 2
64004 2
65403 2
66351 2
68004 2
72102 2
74601 3
76151 3
80951 2
85803 4
87553 4
89551 3
91101 3
93551 3
97101 1
100504 3
101653 3
104851 3
106403 3
108503 2
112602 3
114707 3
115506 3
118252 3
119451 3
120301 3
121401 2
123352 4
124902 2
126356 1
127303 4
129002 4
130452 4
131904 4
133852 4
134904 4
137051 4
138705 4
139651 4
141002 3
143105 4
143855 4
145402 4
147452 4
149604 4
150752 1
152202 4
153952 4
155902 5
158751 1
