5702 2
9653 3
13402 4
17754 1
23152 1
26202 2
29901 5
33355 1
37453 2
39505 1
40909 2
44102 2
45656 2
48354 2
52652 2
54753 5
58251 1
60158 2
62051 5
63501 2
65253 2
66806 3
67603 2
70803 5
72053 3
73402 2
76054 1
76502 2
77353 2
77510 2
78003 2
80903 2
82602 3
84852 3
88101 3
91056 3
94856 3
96006 3
97951 3
99108 2
99802 3
101052 3
102153 2
103154 3
104302 3
105652 3
106702 3
109102 5
112451 3
114005 3
116152 3
117951 3
119206 3
121953 5
124151 4
125405 4
126257 4
127202 4
128652 3
130754 4
131604 4
134351 4
135353 4
139552 4
143003 4
144402 4
145001 4
145859 4
147107 4
149054 4
151952 4
153953 4
155503 4
158257 4
159453 4
