3454 3
5751 1
9154 1
10352 4
13403 2
17603 1
19105 1
20654 1
23503 3
24603 5
26006 4
27851 1
30053 5
33954 3
36854 1
38808 1
39253 1
39656 3
40552 3
44405 2
46253 2
49407 5
50203 2
50951 2
51403 2
53304 2
55602 2
57701 2
61255 2
64204 2
66502 4
72001 2
74102 1
76102 2
77652 5
79701 2
82005 3
87502 3
90102 2
96701 3
98556 4
101402 3
105801 3
108552 3
112302 3
114903 2
118706 5
119759 1
121502 2
123104 4
124301 4
128504 4
132805 4
135552 4
137252 4
145151 4
147553 5
148806 4
150502 3
154802 3
159404 4
