1 0
2 0
3 0
4 0
5 0
6 0
7 0
8 0
9 0
10 0
11 0
12 0
13 0
14 0
15 0
16 0
17 0
18 0
19 0
20 0
21 4
22 4
23 4
24 4
25 4
26 4
27 4
28 4
29 4
30 4
31 4
32 4
33 4
34 4
35 4
36 4
37 4
38 4
39 4
40 4
41 4
42 4
43 4
44 4
45 4
46 4
47 4
48 4
49 4
50 4
51 4
52 4
53 4
54 4
55 4
56 4
57 4
58 4
59 4
60 4
61 4
62 4
63 4
64 4
65 4
66 4
67 4
68 4
69 4
70 4
71 4
72 4
73 4
74 4
75 4
76 4
77 4
78 4
79 4
80 4
81 4
82 4
83 4
84 1
85 1
86 1
87 1
88 1
89 1
90 1
91 1
92 1
93 1
94 1
95 1
96 1
97 1
98 1
99 1
100 1
101 1
102 1
103 1
104 1
105 1
106 1
107 1
108 1
109 1
110 1
111 1
112 1
113 1
114 1
115 1
116 1
117 1
118 1
119 1
120 1
121 1
122 1
123 1
124 1
125 1
126 1
127 1
128 1
129 1
130 1
131 1
132 1
133 1
134 1
135 1
136 1
137 1
138 1
139 1
140 1
141 1
142 1
143 1
144 1
145 1
146 1
147 1
148 1
149 1
150 1
151 1
152 1
153 1
154 1
155 1
156 1
157 1
158 1
159 1
160 1
161 1
162 1
163 1
164 1
165 1
166 1
167 1
168 1
169 1
170 1
171 1
172 1
173 1
174 1
175 1
176 1
177 1
178 1
179 1
180 1
181 1
182 1
183 1
184 1
185 1
186 1
187 1
188 1
189 1
190 1
191 1
192 1
193 1
194 1
195 1
196 1
197 1
198 1
199 1
200 1
201 1
202 1
203 1
204 1
205 1
206 1
207 1
208 1
209 1
210 1
211 1
212 1
213 1
214 1
215 1
216 1
217 1
218 1
219 1
220 1
221 1
222 1
223 1
224 1
225 1
226 1
227 1
228 1
229 1
230 1
231 5
232 5
233 5
234 5
235 5
236 5
237 5
238 5
239 5
240 5
241 5
242 5
243 5
244 5
245 5
246 5
247 5
248 5
249 5
250 5
251 5
252 5
253 5
254 5
255 5
256 5
257 5
258 5
259 5
260 5
261 5
262 5
263 5
264 5
265 5
266 5
267 5
268 5
269 5
270 5
271 5
272 5
273 5
274 5
275 5
276 5
277 5
278 5
279 5
280 5
281 5
282 5
283 5
284 5
285 5
286 5
287 5
288 5
289 5
290 5
291 5
292 5
293 5
294 5
295 5
296 5
297 5
298 5
299 5
300 5
301 5
302 5
303 5
304 5
305 5
306 5
307 5
308 5
309 5
310 5
311 5
312 5
313 5
314 5
315 5
316 5
317 5
318 5
319 5
320 5
321 5
322 5
323 5
324 5
325 5
326 5
327 5
328 5
329 5
330 5
331 5
332 5
333 5
334 5
335 5
336 5
337 5
338 5
339 5
340 5
341 5
342 5
343 5
344 5
345 5
346 5
347 5
348 5
349 5
350 5
351 5
352 5
353 5
354 5
355 5
356 5
357 5
358 5
359 5
360 5
361 5
362 5
363 5
364 5
365 5
366 5
367 5
368 5
369 5
370 5
371 5
372 5
373 5
374 5
375 5
376 5
377 5
378 5
379 5
380 5
381 5
382 5
383 5
384 5
385 5
386 5
387 5
388 5
389 5
390 5
391 5
392 5
393 5
394 5
395 5
396 5
397 5
398 5
399 1
400 1
401 1
402 1
403 1
404 1
405 1
406 1
407 1
408 1
409 1
410 1
411 1
412 1
413 1
414 1
415 1
416 1
417 1
418 1
419 1
420 3
421 3
422 3
423 3
424 3
425 3
426 3
427 3
428 3
429 3
430 3
431 3
432 3
433 3
434 3
435 3
436 3
437 3
438 3
439 3
440 3
441 3
442 3
443 3
444 3
445 3
446 3
447 3
448 3
449 3
450 3
451 3
452 3
453 3
454 3
455 3
456 3
457 3
458 3
459 3
460 3
461 3
462 5
463 5
464 5
465 5
466 5
467 5
468 5
469 5
470 5
471 5
472 5
473 5
474 5
475 5
476 5
477 5
478 5
479 5
480 5
481 5
482 5
483 5
484 5
485 5
486 5
487 5
488 5
489 5
490 5
491 5
492 5
493 5
494 5
495 5
496 5
497 5
498 5
499 5
500 5
501 5
502 5
503 5
504 5
505 5
506 5
507 5
508 5
509 5
510 5
511 5
512 5
513 5
514 5
515 5
516 5
517 5
518 5
519 5
520 5
521 5
522 5
523 5
524 5
525 5
526 5
527 5
528 5
529 5
530 5
531 5
532 5
533 5
534 5
535 5
536 5
537 5
538 5
539 5
540 5
541 5
542 5
543 5
544 5
545 5
546 5
547 5
548 5
549 5
550 5
551 5
552 5
553 5
554 5
555 5
556 5
557 5
558 5
559 5
560 5
561 5
562 5
563 5
564 5
565 5
566 5
567 5
568 5
569 5
570 5
571 5
572 5
573 5
574 5
575 5
576 5
577 5
578 5
579 5
580 5
581 5
582 5
583 5
584 5
585 5
586 5
587 5
588 5
589 5
590 5
591 5
592 5
593 5
594 5
595 5
596 5
597 5
598 5
599 5
600 5
601 5
602 5
603 5
604 5
605 5
606 5
607 5
608 5
609 5
610 5
611 5
612 5
613 5
614 5
615 5
616 5
617 5
618 5
619 5
620 5
621 5
622 5
623 5
624 5
625 5
626 5
627 5
628 5
629 5
630 5
631 5
632 5
633 5
634 5
635 5
636 5
637 5
638 5
639 5
640 5
641 5
642 5
643 5
644 5
645 5
646 5
647 5
648 5
649 5
650 5
651 1
652 1
653 1
654 1
655 1
656 1
657 1
658 1
659 1
660 1
661 1
662 1
663 1
664 1
665 1
666 1
667 1
668 1
669 1
670 1
671 1
672 1
673 1
674 1
675 1
676 1
677 1
678 1
679 1
680 1
681 1
682 1
683 1
684 1
685 1
686 1
687 1
688 1
689 1
690 1
691 1
692 1
693 1
694 1
695 1
696 1
697 1
698 1
699 1
700 1
701 1
702 1
703 1
704 1
705 1
706 1
707 1
708 1
709 1
710 1
711 1
712 1
713 1
714 1
715 1
716 1
717 1
718 1
719 1
720 1
721 1
722 1
723 1
724 1
725 1
726 1
727 1
728 1
729 1
730 1
731 1
732 1
733 1
734 1
735 1
736 1
737 1
738 1
739 1
740 1
741 1
742 1
743 1
744 1
745 1
746 1
747 1
748 1
749 1
750 1
751 1
752 1
753 1
754 1
755 1
756 1
757 1
758 1
759 1
760 1
761 1
762 1
763 1
764 1
765 1
766 1
767 1
768 1
769 1
770 1
771 1
772 1
773 1
774 1
775 1
776 1
777 1
778 1
779 1
780 1
781 1
782 1
783 1
784 1
785 1
786 1
787 1
788 1
789 1
790 1
791 1
792 1
793 1
794 1
795 1
796 1
797 1
798 4
799 4
800 4
801 4
802 4
803 4
804 4
805 4
806 4
807 4
808 4
809 4
810 4
811 4
812 4
813 4
814 4
815 4
816 4
817 4
818 4
819 4
820 4
821 4
822 4
823 4
824 4
825 4
826 4
827 4
828 4
829 4
830 4
831 4
832 4
833 4
834 4
835 4
836 4
837 4
838 4
839 4
840 4
841 4
842 4
843 4
844 4
845 4
846 4
847 4
848 4
849 4
850 4
851 4
852 4
853 4
854 4
855 4
856 4
857 4
858 4
859 4
860 4
861 1
862 1
863 1
864 1
865 1
866 1
867 1
868 1
869 1
870 1
871 1
872 1
873 1
874 1
875 1
876 1
877 1
878 1
879 1
880 1
881 1
882 1
883 1
884 1
885 1
886 1
887 1
888 1
889 1
890 1
891 1
892 1
893 1
894 1
895 1
896 1
897 1
898 1
899 1
900 1
901 1
902 1
903 1
904 1
905 1
906 1
907 1
908 1
909 1
910 1
911 1
912 1
913 1
914 1
915 1
916 1
917 1
918 1
919 1
920 1
921 1
922 1
923 1
924 1
925 1
926 1
927 1
928 1
929 1
930 1
931 1
932 1
933 1
934 1
935 1
936 1
937 1
938 1
939 1
940 1
941 1
942 1
943 1
944 1
945 1
946 1
947 1
948 1
949 1
950 1
951 1
952 1
953 1
954 1
955 1
956 1
957 1
958 1
959 1
960 1
961 1
962 1
963 1
964 1
965 1
966 1
967 1
968 1
969 1
970 1
971 1
972 1
973 1
974 1
975 1
976 1
977 1
978 1
979 1
980 1
981 1
982 1
983 1
984 1
985 1
986 1
987 1
988 1
989 1
990 1
991 1
992 1
993 1
994 1
995 1
996 1
997 1
998 1
999 1
1000 1
1001 1
1002 1
1003 1
1004 1
1005 1
1006 1
1007 1
1008 4
1009 4
1010 4
1011 4
1012 4
1013 4
1014 4
1015 4
1016 4
1017 4
1018 4
1019 4
1020 4
1021 4
1022 4
1023 4
1024 4
1025 4
1026 4
1027 4
1028 4
1029 4
1030 4
1031 4
1032 4
1033 4
1034 4
1035 4
1036 4
1037 4
1038 4
1039 4
1040 4
1041 4
1042 4
1043 4
1044 4
1045 4
1046 4
1047 4
1048 4
1049 4
1050 4
1051 4
1052 4
1053 4
1054 4
1055 4
1056 4
1057 4
1058 4
1059 4
1060 4
1061 4
1062 4
1063 4
1064 4
1065 4
1066 4
1067 4
1068 4
1069 4
1070 4
1071 1
1072 1
1073 1
1074 1
1075 1
1076 1
1077 1
1078 1
1079 1
1080 1
1081 1
1082 1
1083 1
1084 1
1085 1
1086 1
1087 1
1088 1
1089 1
1090 1
1091 1
1092 1
1093 1
1094 1
1095 1
1096 1
1097 1
1098 1
1099 1
1100 1
1101 1
1102 1
1103 1
1104 1
1105 1
1106 1
1107 1
1108 1
1109 1
1110 1
1111 1
1112 1
1113 1
1114 1
1115 1
1116 1
1117 1
1118 1
1119 1
1120 1
1121 1
1122 1
1123 1
1124 1
1125 1
1126 1
1127 1
1128 1
1129 1
1130 1
1131 1
1132 1
1133 1
1134 1
1135 1
1136 1
1137 1
1138 1
1139 1
1140 1
1141 1
1142 1
1143 1
1144 1
1145 1
1146 1
1147 1
1148 1
1149 1
1150 1
1151 1
1152 1
1153 1
1154 1
1155 1
1156 1
1157 1
1158 1
1159 1
1160 1
1161 1
1162 1
1163 1
1164 1
1165 1
1166 1
1167 1
1168 1
1169 1
1170 1
1171 1
1172 1
1173 1
1174 1
1175 1
1176 3
1177 3
1178 3
1179 3
1180 3
1181 3
1182 3
1183 3
1184 3
1185 3
1186 3
1187 3
1188 3
1189 3
1190 3
1191 3
1192 3
1193 3
1194 3
1195 3
1196 3
1197 3
1198 3
1199 3
1200 3
1201 3
1202 3
1203 3
1204 3
1205 3
1206 3
1207 3
1208 3
1209 3
1210 3
1211 3
1212 3
1213 3
1214 3
1215 3
1216 3
1217 3
1218 3
1219 3
1220 3
1221 3
1222 3
1223 3
1224 3
1225 3
1226 3
1227 3
1228 3
1229 3
1230 3
1231 3
1232 3
1233 3
1234 3
1235 3
1236 3
1237 3
1238 3
1239 3
1240 3
1241 3
1242 3
1243 3
1244 3
1245 3
1246 3
1247 3
1248 3
1249 3
1250 3
1251 3
1252 3
1253 3
1254 3
1255 3
1256 3
1257 3
1258 3
1259 3
1260 3
1261 3
1262 3
1263 3
1264 3
1265 3
1266 3
1267 3
1268 3
1269 3
1270 3
1271 3
1272 3
1273 3
1274 3
1275 3
1276 3
1277 3
1278 3
1279 3
1280 3
1281 3
1282 3
1283 3
1284 3
1285 3
1286 3
1287 3
1288 3
1289 3
1290 3
1291 3
1292 3
1293 3
1294 3
1295 3
1296 3
1297 3
1298 3
1299 3
1300 3
1301 3
1302 3
1303 3
1304 3
1305 3
1306 3
1307 3
1308 3
1309 3
1310 3
1311 3
1312 3
1313 3
1314 3
1315 3
1316 3
1317 3
1318 3
1319 3
1320 3
1321 3
1322 3
1323 3
1324 3
1325 3
1326 3
1327 3
1328 3
1329 3
1330 3
1331 3
1332 3
1333 3
1334 3
1335 3
1336 3
1337 3
1338 3
1339 3
1340 3
1341 3
1342 3
1343 3
1344 1
1345 1
1346 1
1347 1
1348 1
1349 1
1350 1
1351 1
1352 1
1353 1
1354 1
1355 1
1356 1
1357 1
1358 1
1359 1
1360 1
1361 1
1362 1
1363 1
1364 1
1365 1
1366 1
1367 1
1368 1
1369 1
1370 1
1371 1
1372 1
1373 1
1374 1
1375 1
1376 1
1377 1
1378 1
1379 1
1380 1
1381 1
1382 1
1383 1
1384 1
1385 1
1386 1
1387 1
1388 1
1389 1
1390 1
1391 1
1392 1
1393 1
1394 1
1395 1
1396 1
1397 1
1398 1
1399 1
1400 1
1401 1
1402 1
1403 1
1404 1
1405 1
1406 1
1407 1
1408 1
1409 1
1410 1
1411 1
1412 1
1413 1
1414 1
1415 1
1416 1
1417 1
1418 1
1419 1
1420 1
1421 1
1422 1
1423 1
1424 1
1425 1
1426 1
1427 1
1428 1
1429 1
1430 1
1431 1
1432 1
1433 1
1434 1
1435 1
1436 1
1437 1
1438 1
1439 1
1440 1
1441 1
1442 1
1443 1
1444 1
1445 1
1446 1
1447 1
1448 1
1449 1
1450 1
1451 1
1452 1
1453 1
1454 1
1455 1
1456 1
1457 1
1458 1
1459 1
1460 1
1461 1
1462 1
1463 1
1464 1
1465 1
1466 1
1467 1
1468 1
1469 1
1470 1
1471 1
1472 1
1473 1
1474 1
1475 1
1476 1
1477 1
1478 1
1479 1
1480 1
1481 1
1482 1
1483 1
1484 1
1485 1
1486 1
1487 1
1488 1
1489 1
1490 1
1491 3
1492 3
1493 3
1494 3
1495 3
1496 3
1497 3
1498 3
1499 3
1500 3
1501 3
1502 3
1503 3
1504 3
1505 3
1506 3
1507 3
1508 3
1509 3
1510 3
1511 3
1512 3
1513 3
1514 3
1515 3
1516 3
1517 3
1518 3
1519 3
1520 3
1521 3
1522 3
1523 3
1524 3
1525 3
1526 3
1527 3
1528 3
1529 3
1530 3
1531 3
1532 3
1533 3
1534 3
1535 3
1536 3
1537 3
1538 3
1539 3
1540 3
1541 3
1542 3
1543 3
1544 3
1545 3
1546 3
1547 3
1548 3
1549 3
1550 3
1551 3
1552 3
1553 3
1554 3
1555 3
1556 3
1557 3
1558 3
1559 3
1560 3
1561 3
1562 3
1563 3
1564 3
1565 3
1566 3
1567 3
1568 3
1569 3
1570 3
1571 3
1572 3
1573 3
1574 3
1575 3
1576 3
1577 3
1578 3
1579 3
1580 3
1581 3
1582 3
1583 3
1584 3
1585 3
1586 3
1587 3
1588 3
1589 3
1590 3
1591 3
1592 3
1593 3
1594 3
1595 3
1596 3
1597 3
1598 3
1599 3
1600 3
1601 3
1602 3
1603 3
1604 3
1605 3
1606 3
1607 3
1608 3
1609 3
1610 3
1611 3
1612 3
1613 3
1614 3
1615 3
1616 3
1617 3
1618 3
1619 3
1620 3
1621 3
1622 3
1623 3
1624 3
1625 3
1626 3
1627 3
1628 3
1629 3
1630 3
1631 3
1632 3
1633 3
1634 3
1635 3
1636 3
1637 3
1638 4
1639 4
1640 4
1641 4
1642 4
1643 4
1644 4
1645 4
1646 4
1647 4
1648 4
1649 4
1650 4
1651 4
1652 4
1653 4
1654 4
1655 4
1656 4
1657 4
1658 4
1659 4
1660 4
1661 4
1662 4
1663 4
1664 4
1665 4
1666 4
1667 4
1668 4
1669 4
1670 4
1671 4
1672 4
1673 4
1674 4
1675 4
1676 4
1677 4
1678 4
1679 4
1680 4
1681 4
1682 4
1683 4
1684 4
1685 4
1686 4
1687 4
1688 4
1689 4
1690 4
1691 4
1692 4
1693 4
1694 4
1695 4
1696 4
1697 4
1698 4
1699 4
1700 4
1701 4
1702 4
1703 4
1704 4
1705 4
1706 4
1707 4
1708 4
1709 4
1710 4
1711 4
1712 4
1713 4
1714 4
1715 4
1716 4
1717 4
1718 4
1719 4
1720 4
1721 4
1722 4
1723 4
1724 4
1725 4
1726 4
1727 4
1728 4
1729 4
1730 4
1731 4
1732 4
1733 4
1734 4
1735 4
1736 4
1737 4
1738 4
1739 4
1740 4
1741 4
1742 4
1743 4
1744 4
1745 4
1746 4
1747 4
1748 4
1749 4
1750 4
1751 4
1752 4
1753 4
1754 4
1755 4
1756 4
1757 4
1758 4
1759 4
1760 4
1761 4
1762 4
1763 4
1764 4
1765 4
1766 4
1767 4
1768 4
1769 4
1770 4
1771 4
1772 4
1773 4
1774 4
1775 4
1776 4
1777 4
1778 4
1779 4
1780 4
1781 4
1782 4
1783 4
1784 4
1785 4
1786 4
1787 4
1788 4
1789 4
1790 4
1791 4
1792 4
1793 4
1794 4
1795 4
1796 4
1797 4
1798 4
1799 4
1800 4
1801 4
1802 4
1803 4
1804 4
1805 4
1806 4
1807 4
1808 4
1809 4
1810 4
1811 4
1812 4
1813 4
1814 4
1815 4
1816 4
1817 4
1818 4
1819 4
1820 4
1821 4
1822 4
1823 4
1824 4
1825 4
1826 4
1827 4
1828 4
1829 4
1830 4
1831 4
1832 4
1833 4
1834 4
1835 4
1836 4
1837 4
1838 4
1839 4
1840 4
1841 4
1842 4
1843 4
1844 4
1845 4
1846 4
1847 4
1848 4
1849 4
1850 4
1851 4
1852 4
1853 4
1854 4
1855 4
1856 4
1857 4
1858 4
1859 4
1860 4
1861 4
1862 4
1863 4
1864 4
1865 4
1866 4
1867 4
1868 4
1869 1
1870 1
1871 1
1872 1
1873 1
1874 1
1875 1
1876 1
1877 1
1878 1
1879 1
1880 1
1881 1
1882 1
1883 1
1884 1
1885 1
1886 1
1887 1
1888 1
1889 1
1890 1
1891 1
1892 1
1893 1
1894 1
1895 1
1896 1
1897 1
1898 1
1899 1
1900 1
1901 1
1902 1
1903 1
1904 1
1905 1
1906 1
1907 1
1908 1
1909 1
1910 1
1911 1
1912 1
1913 1
1914