2753 1
9704 1
16801 1
19051 1
21252 1
24404 4
27054 1
31404 1
34002 1
36101 2
38352 1
39252 4
40053 4
40954 5
42706 2
44853 2
50051 4
51351 3
54157 2
58604 2
59903 5
61504 2
63960 2
64852 3
67002 3
68051 2
70551 1
71751 5
75351 1
80405 1
81352 3
85254 3
88204 3
89754 4
93201 3
94351 5
96555 3
101001 3
103005 1
103703 3
105201 3
106752 5
108401 3
109206 3
111905 3
113856 5
114954 5
116902 3
118452 3
124054 4
130351 4
135102 4
139102 4
141251 2
142851 4
143901 4
145054 1
145804 1
147653 3
150605 3
153451 4
155058 4
156304 1
157351 4
159053 4
