9053 1
10252 1
12209 1
15502 1
19005 1
22052 1
26356 1
32002 1
34653 1
41704 3
48101 2
48254 4
48802 2
50202 2
52604 2
56951 2
60401 4
65804 2
69552 2
70553 2
71252 2
72052 2
74351 2
75654 2
76851 2
79807 2
86204 3
88454 2
91055 3
93501 3
96556 3
98401 3
99902 3
101953 3
104152 1
108951 3
111501 3
114952 3
116752 3
117951 3
119505 3
120851 3
123206 5
124303 2
125654 1
126158 3
127251 4
128054 4
129356 4
129851 2
131253 4
133153 1
138353 5
142107 4
143153 4
144906 4
145652 1
147401 4
148753 4
152204 4
152651 4
153452 2
156705 4
158452 4
