1 0
2 0
3 0
4 0
5 0
6 0
7 0
8 0
9 0
10 0
11 0
12 0
13 0
14 0
15 0
16 0
17 0
18 0
19 0
20 0
21 5
22 5
23 5
24 5
25 5
26 5
27 5
28 5
29 5
30 5
31 5
32 5
33 5
34 5
35 5
36 5
37 5
38 5
39 5
40 5
41 5
42 5
43 5
44 5
45 5
46 5
47 5
48 5
49 5
50 5
51 5
52 5
53 5
54 5
55 5
56 5
57 5
58 5
59 5
60 5
61 5
62 5
63 5
64 5
65 5
66 5
67 5
68 5
69 5
70 5
71 5
72 5
73 5
74 5
75 5
76 5
77 5
78 5
79 5
80 5
81 5
82 5
83 5
84 1
85 1
86 1
87 1
88 1
89 1
90 1
91 1
92 1
93 1
94 1
95 1
96 1
97 1
98 1
99 1
100 1
101 1
102 1
103 1
104 1
105 1
106 1
107 1
108 1
109 1
110 1
111 1
112 1
113 1
114 1
115 1
116 1
117 1
118 1
119 1
120 1
121 1
122 1
123 1
124 1
125 1
126 1
127 1
128 1
129 1
130 1
131 1
132 1
133 1
134 1
135 1
136 1
137 1
138 1
139 1
140 1
141 1
142 1
143 1
144 1
145 1
146 1
147 1
148 1
149 1
150 1
151 1
152 1
153 1
154 1
155 1
156 1
157 1
158 1
159 1
160 1
161 1
162 1
163 1
164 1
165 1
166 1
167 1
168 1
169 1
170 1
171 1
172 1
173 1
174 1
175 1
176 1
177 1
178 1
179 1
180 1
181 1
182 1
183 1
184 1
185 1
186 1
187 1
188 1
189 1
190 1
191 1
192 1
193 1
194 1
195 1
196 1
197 1
198 1
199 1
200 1
201 1
202 1
203 1
204 1
205 1
206 1
207 1
208 1
209 1
210 1
211 1
212 1
213 1
214 1
215 1
216 1
217 1
218 1
219 1
220 1
221 1
222 1
223 1
224 1
225 1
226 1
227 1
228 1
229 1
230 1
231 4
232 4
233 4
234 4
235 4
236 4
237 4
238 4
239 4
240 4
241 4
242 4
243 4
244 4
245 4
246 4
247 4
248 4
249 4
250 4
251 4
252 4
253 4
254 4
255 4
256 4
257 4
258 4
259 4
260 4
261 4
262 4
263 4
264 4
265 4
266 4
267 4
268 4
269 4
270 4
271 4
272 4
273 4
274 4
275 4
276 4
277 4
278 4
279 4
280 4
281 4
282 4
283 4
284 4
285 4
286 4
287 4
288 4
289 4
290 4
291 4
292 4
293 4
294 4
295 4
296 4
297 4
298 4
299 4
300 4
301 4
302 4
303 4
304 4
305 4
306 4
307 4
308 4
309 4
310 4
311 4
312 4
313 4
314 4
315 4
316 4
317 4
318 4
319 4
320 4
321 4
322 4
323 4
324 4
325 4
326 4
327 4
328 4
329 4
330 4
331 4
332 4
333 4
334 4
335 4
336 4
337 4
338 4
339 4
340 4
341 4
342 4
343 4
344 4
345 4
346 4
347 4
348 4
349 4
350 4
351 4
352 4
353 4
354 4
355 4
356 4
357 4
358 4
359 4
360 4
361 4
362 4
363 4
364 4
365 4
366 4
367 4
368 4
369 4
370 4
371 4
372 4
373 4
374 4
375 4
376 4
377 4
378 1
379 1
380 1
381 1
382 1
383 1
384 1
385 1
386 1
387 1
388 1
389 1
390 1
391 1
392 1
393 1
394 1
395 1
396 1
397 1
398 1
399 1
400 1
401 1
402 1
403 1
404 1
405 1
406 1
407 1
408 1
409 1
410 1
411 1
412 1
413 1
414 1
415 1
416 1
417 1
418 1
419 1
420 1
421 1
422 1
423 1
424 1
425 1
426 1
427 1
428 1
429 1
430 1
431 1
432 1
433 1
434 1
435 1
436 1
437 1
438 1
439 1
440 1
441 1
442 1
443 1
444 1
445 1
446 1
447 1
448 1
449 1
450 1
451 1
452 1
453 1
454 1
455 1
456 1
457 1
458 1
459 1
460 1
461 1
462 1
463 1
464 1
465 1
466 1
467 1
468 1
469 1
470 1
471 1
472 1
473 1
474 1
475 1
476 1
477 1
478 1
479 1
480 1
481 1
482 1
483 1
484 1
485 1
486 1
487 1
488 1
489 1
490 1
491 1
492 1
493 1
494 1
495 1
496 1
497 1
498 1
499 1
500 1
501 1
502 1
503 1
504 1
505 1
506 1
507 1
508 1
509 1
510 1
511 1
512 1
513 1
514 1
515 1
516 1
517 1
518 1
519 1
520 1
521 1
522 1
523 1
524 1
525 1
526 1
527 1
528 1
529 1
530 1
531 1
532 1
533 1
534 1
535 1
536 1
537 1
538 1
539 1
540 1
541 1
542 1
543 1
544 1
545 1
546 1
547 1
548 1
549 1
550 1
551 1
552 1
553 1
554 1
555 1
556 1
557 1
558 1
559 1
560 1
561 1
562 1
563 1
564 1
565 1
566 1
567 1
568 1
569 1
570 1
571 1
572 1
573 1
574 1
575 1
576 1
577 1
578 1
579 1
580 1
581 1
582 1
583 1
584 1
585 1
586 1
587 1
588 1
589 1
590 1
591 1
592 1
593 1
594 1
595 1
596 1
597 1
598 1
599 1
600 1
601 1
602 1
603 1
604 1
605 1
606 1
607 1
608 1
609 1
610 1
611 1
612 1
613 1
614 1
615 1
616 1
617 1
618 1
619 1
620 1
621 1
622 1
623 1
624 1
625 1
626 1
627 1
628 1
629 1
630 1
631 1
632 1
633 1
634 1
635 1
636 1
637 1
638 1
639 1
640 1
641 1
642 1
643 1
644 1
645 1
646 1
647 1
648 1
649 1
650 1
651 1
652 1
653 1
654 1
655 1
656 1
657 1
658 1
659 1
660 1
661 1
662 1
663 1
664 1
665 1
666 1
667 1
668 1
669 1
670 1
671 1
672 1
673 1
674 1
675 1
676 1
677 1
678 1
679 1
680 1
681 1
682 1
683 1
684 1
685 1
686 1
687 1
688 1
689 1
690 1
691 1
692 1
693 1
694 1
695 1
696 1
697 1
698 1
699 1
700 1
701 1
702 1
703 1
704 1
705 1
706 1
707 1
708 1
709 1
710 1
711 1
712 1
713 1
714 1
715 1
716 1
717 1
718 1
719 1
720 1
721 1
722 1
723 1
724 1
725 1
726 1
727 1
728 1
729 1
730 1
731 1
732 1
733 1
734 1
735 1
736 1
737 1
738 1
739 1
740 1
741 1
742 1
743 1
744 1
745 1
746 1
747 1
748 1
749 1
750 1
751 1
752 1
753 1
754 1
755 1
756 1
757 1
758 1
759 1
760 1
761 1
762 1
763 1
764 1
765 1
766 1
767 1
768 1
769 1
770 1
771 1
772 1
773 1
774 1
775 1
776 1
777 1
778 1
779 1
780 1
781 1
782 1
783 1
784 1
785 1
786 1
787 1
788 1
789 1
790 1
791 1
792 1
793 1
794 1
795 1
796 1
797 1
798 4
799 4
800 4
801 4
802 4
803 4
804 4
805 4
806 4
807 4
808 4
809 4
810 4
811 4
812 4
813 4
814 4
815 4
816 4
817 4
818 4
819 4
820 4
821 4
822 4
823 4
824 4
825 4
826 4
827 4
828 4
829 4
830 4
831 4
832 4
833 4
834 4
835 4
836 4
837 4
838 4
839 4
840 4
841 4
842 4
843 4
844 4
845 4
846 4
847 4
848 4
849 4
850 4
851 4
852 4
853 4
854 4
855 4
856 4
857 4
858 4
859 4
860 4
861 4
862 4
863 4
864 4
865 4
866 4
867 4
868 4
869 4
870 4
871 4
872 4
873 4
874 4
875 4
876 4
877 4
878 4
879 4
880 4
881 4
882 4
883 4
884 4
885 4
886 4
887 4
888 4
889 4
890 4
891 4
892 4
893 4
894 4
895 4
896 4
897 4
898 4
899 4
900 4
901 4
902 4
903 4
904 4
905 4
906 4
907 4
908 4
909 4
910 4
911 4
912 4
913 4
914 4
915 4
916 4
917 4
918 4
919 4
920 4
921 4
922 4
923 4
924 4
925 4
926 4
927 4
928 4
929 4
930 4
931 4
932 4
933 4
934 4
935 4
936 4
937 4
938 4
939 4
940 4
941 4
942 4
943 4
944 4
945 4
946 4
947 4
948 4
949 4
950 4
951 4
952 4
953 4
954 4
955 4
956 4
957 4
958 4
959 4
960 4
961 4
962 4
963 4
964 4
965 4
966 4
967 4
968 4
969 4
970 4
971 4
972 4
973 4
974 4
975 4
976 4
977 4
978 4
979 4
980 4
981 4
982 4
983 4
984 4
985 4
986 4
987 1
988 1
989 1
990 1
991 1
992 1
993 1
994 1
995 1
996 1
997 1
998 1
999 1
1000 1
1001 1
1002 1
1003 1
1004 1
1005 1
1006 1
1007 1
1008 1
1009 1
1010 1
1011 1
1012 1
1013 1
1014 1
1015 1
1016 1
1017 1
1018 1
1019 1
1020 1
1021 1
1022 1
1023 1
1024 1
1025 1
1026 1
1027 1
1028 1
1029 1
1030 1
1031 1
1032 1
1033 1
1034 1
1035 1
1036 1
1037 1
1038 1
1039 1
1040 1
1041 1
1042 1
1043 1
1044 1
1045 1
1046 1
1047 1
1048 1
1049 1
1050 1
1051 1
1052 1
1053 1
1054 1
1055 1
1056 1
1057 1
1058 1
1059 1
1060 1
1061 1
1062 1
1063 1
1064 1
1065 1
1066 1
1067 1
1068 1
1069 1
1070 1
1071 1
1072 1
1073 1
1074 1
1075 1
1076 1
1077 1
1078 1
1079 1
1080 1
1081 1
1082 1
1083 1
1084 1
1085 1
1086 1
1087 1
1088 1
1089 1
1090 1
1091 1
1092 2
1093 2
1094 2
1095 2
1096 2
1097 2
1098 2
1099 2
1100 2
1101 2
1102 2
1103 2
1104 2
1105 2
1106 2
1107 2
1108 2
1109 2
1110 2
1111 2
1112 2
1113 2
1114 2
1115 2
1116 2
1117 2
1118 2
1119 2
1120 2
1121 2
1122 2
1123 2
1124 2
1125 2
1126 2
1127 2
1128 2
1129 2
1130 2
1131 2
1132 2
1133 2
1134 2
1135 2
1136 2
1137 2
1138 2
1139 2
1140 2
1141 2
1142 2
1143 2
1144 2
1145 2
1146 2
1147 2
1148 2
1149 2
1150 2
1151 2
1152 2
1153 2
1154 2
1155 1
1156 1
1157 1
1158 1
1159 1
1160 1
1161 1
1162 1
1163 1
1164 1
1165 1
1166 1
1167 1
1168 1
1169 1
1170 1
1171 1
1172 1
1173 1
1174 1
1175 1
1176 1
1177 1
1178 1
1179 1
1180 1
1181 1
1182 1
1183 1
1184 1
1185 1
1186 1
1187 1
1188 1
1189 1
1190 1
1191 1
1192 1
1193 1
1194 1
1195 1
1196 1
1197 1
1198 1
1199 1
1200 1
1201 1
1202 1
1203 1
1204 1
1205 1
1206 1
1207 1
1208 1
1209 1
1210 1
1211 1
1212 1
1213 1
1214 1
1215 1
1216 1
1217 1
1218 1
1219 1
1220 1
1221 1
1222 1
1223 1
1224 1
1225 1
1226 1
1227 1
1228 1
1229 1
1230 1
1231 1
1232 1
1233 1
1234 1
1235 1
1236 1
1237 1
1238 1
1239 1
1240 1
1241 1
1242 1
1243 1
1244 1
1245 1
1246 1
1247 1
1248 1
1249 1
1250 1
1251 1
1252 1
1253 1
1254 1
1255 1
1256 1
1257 1
1258 1
1259 1
1260 1
1261 1
1262 1
1263 1
1264 1
1265 1
1266 1
1267 1
1268 1
1269 1
1270 1
1271 1
1272 1
1273 1
1274 1
1275 1
1276 1
1277 1
1278 1
1279 1
1280 1
1281 1
1282 1
1283 1
1284 1
1285 1
1286 1
1287 1
1288 1
1289 1
1290 1
1291 1
1292 1
1293 1
1294 1
1295 1
1296 1
1297 1
1298 1
1299 1
1300 1
1301 1
1302 1
1303 1
1304 1
1305 1
1306 1
1307 1
1308 1
1309 1
1310 1
1311 1
1312 1
1313 1
1314 1
1315 1
1316 1
1317 1
1318 1
1319 1
1320 1
1321 1
1322 1
1323 1
1324 1
1325 1
1326 1
1327 1
1328 1
1329 1
1330 1
1331 1
1332 1
1333 1
1334 1
1335 1
1336 1
1337 1
1338 1
1339 1
1340 1
1341 1
1342 1
1343 1
1344 1
1345 1
1346 1
1347 1
1348 1
1349 1
1350 1
1351 1
1352 1
1353 1
1354 1
1355 1
1356 1
1357 1
1358 1
1359 1
1360 1
1361 1
1362 1
1363 1
1364 1
1365 1
1366 1
1367 1
1368 1
1369 1
1370 1
1371 1
1372 1
1373 1
1374 1
1375 1
1376 1
1377 1
1378 1
1379 1
1380 1
1381 1
1382 1
1383 1
1384 1
1385 1
1386 1
1387 1
1388 1
1389 1
1390 1
1391 1
1392 1
1393 1
1394 1
1395 1
1396 1
1397 1
1398 1
1399 1
1400 1
1401 1
1402 1
1403 1
1404 1
1405 1
1406 1
1407 1
1408 1
1409 1
1410 1
1411 1
1412 1
1413 1
1414 1
1415 1
1416 1
1417 1
1418 1
1419 1
1420 1
1421 1
1422 1
1423 1
1424 1
1425 1
1426 1
1427 1
1428 1
1429 1
1430 1
1431 1
1432 1
1433 1
1434 1
1435 1
1436 1
1437 1
1438 1
1439 1
1440 1
1441 1
1442 1
1443 1
1444 1
1445 1
1446 1
1447 1
1448 1
1449 1
1450 1
1451 1
1452 1
1453 1
1454 1
1455 1
1456 1
1457 1
1458 1
1459 1
1460 1
1461 1
1462 1
1463 1
1464 1
1465 1
1466 1
1467 1
1468 1
1469 1
1470 1
1471 1
1472 1
1473 1
1474 1
1475 1
1476 1
1477 1
1478 1
1479 1
1480 1
1481 1
1482 1
1483 1
1484 1
1485 1
1486 1
1487 1
1488 1
1489 1
1490 1
1491 4
1492 4
1493 4
1494 4
1495 4
1496 4
1497 4
1498 4
1499 4
1500 4
1501 4
1502 4
1503 4
1504 4
1505 4
1506 4
1507 4
1508 4
1509 4
1510 4
1511 4
1512 4
1513 4
1514 4
1515 4
1516 4
1517 4
1518 4
1519 4
1520 4
1521 4
1522 4
1523 4
1524 4
1525 4
1526 4
1527 4
1528 4
1529 4
1530 4
1531 4
1532 4
1533 4
1534 4
1535 4
1536 4
1537 4
1538 4
1539 4
1540 4
1541 4
1542 4
1543 4
1544 4
1545 4
1546 4
1547 4
1548 4
1549 4
1550 4
1551 4
1552 4
1553 4
1554 4
1555 4
1556 4
1557 4
1558 4
1559 4
1560 4
1561 4
1562 4
1563 4
1564 4
1565 4
1566 4
1567 4
1568 4
1569 4
1570 4
1571 4
1572 4
1573 4
1574 4
1575 4
1576 4
1577 4
1578 4
1579 4
1580 4
1581 4
1582 4
1583 4
1584 4
1585 4
1586 4
1587 4
1588 4
1589 4
1590 4
1591 4
1592 4
1593 4
1594 4
1595 4
1596 4
1597 4
1598 4
1599 4
1600 4
1601 4
1602 4
1603 4
1604 4
1605 4
1606 4
1607 4
1608 4
1609 4
1610 4
1611 4
1612 4
1613 4
1614 4
1615 4
1616 4
1617 4
1618 4
1619 4
1620 4
1621 4
1622 4
1623 4
1624 4
1625 4
1626 4
1627 4
1628 4
1629 4
1630 4
1631 4
1632 4
1633 4
1634 4
1635 4
1636 4
1637 4
1638 1
1639 1
1640 1
1641 1
1642 1
1643 1
1644 1
1645 1
1646 1
1647 1
1648 1
1649 1
1650 1
1651 1
1652 1
1653 1
1654 1
1655 1
1656 1
1657 1
1658 1
1659 1
1660 1
1661 1
1662 1
1663 1
1664 1
1665 1
1666 1
1667 1
1668 1
1669 1
1670 1
1671 1
1672 1
1673 1
1674 1
1675 1
1676 1
1677 1
1678 1
1679 1
1680 1
1681 1
1682 1
1683 1
1684 1
1685 1
1686 1
1687 1
1688 1
1689 1
1690 1
1691 1
1692 1
1693 1
1694 1
1695 1
1696 1
1697 1
1698 1
1699 1
1700 1
1701 1
1702 1
1703 1
1704 1
1705 1
1706 1
1707 1
1708 1
1709 1
1710 1
1711 1
1712 1
1713 1
1714 1
1715 1
1716 1
1717 1
1718 1
1719 1
1720 1
1721 1
1722 1
1723 1
1724 1
1725 1
1726 1
1727 1
1728 1
1729 1
1730 1
1731 1
1732 1
1733 1
1734 1
1735 1
1736 1
1737 1
1738 1
1739 1
1740 1
1741 1
1742 1
1743 1
1744 1
1745 1
1746 1
1747 1
1748 1
1749 1
1750 1
1751 1
1752 1
1753 1
1754 1
1755 1
1756 1
1757 1
1758 1
1759 1
1760 1
1761 1
1762 1
1763 1
1764 3
1765 3
1766 3
1767 3
1768 3
1769 3
1770 3
1771 3
1772 3
1773 3
1774 3
1775 3
1776 3
1777 3
1778 3
1779 3
1780 3
1781 3
1782 3
1783 3
1784 3
1785 3
1786 3
1787 3
1788 3
1789 3
1790 3
1791 3
1792 3
1793 3
1794 3
1795 3
1796 3
1797 3
1798 3
1799 3
1800 3
1801 3
1802 3
1803 3
1804 3
1805 3
1806 3
1807 3
1808 3
1809 3
1810 3
1811 3
1812 3
1813 3
1814 3
1815 3
1816 3
1817 3
1818 3
1819 3
1820 3
1821 3
1822 3
1823 3
1824 3
1825 3
1826 3
1827 3
1828 3
1829 3
1830 3
1831 3
1832 3
1833 3
1834 3
1835 3
1836 3
1837 3
1838 3
1839 3
1840 3
1841 3
1842 3
1843 3
1844 3
1845 3
1846 3
1847 3
1848 3
1849 3
1850 3
1851 3
1852 3
1853 3
1854 3
1855 3
1856 3
1857 3
1858 3
1859 3
1860 3
1861 3
1862 3
1863 3
1864 3
1865 3
1866 3
1867 3
1868 3
1869 3
1870 3
1871 3
1872 3
1873 3
1874 3
1875 3
1876 3
1877 3
1878 3
1879 3
1880 3
1881 3
1882 3
1883 3
1884 3
1885 3
1886 3
1887 3
1888 3
1889 3
1890 3
1891 3
1892 3
1893 3
1894 3
1895 3
1896 3
1897 3
1898 3
1899 3
1900 3
1901 3
1902 3
1903 3
1904 3
1905 3
1906 3
1907 3
1908 3
1909 3
1910 3
1911 1
1912 1
1913 1
1914 1
1915 1
1916 1
1917 1
1918 1
1919 1
1920 1
1921 1
1922 1
1923 1
1924 1
1925 1
1926 1
1927 1
1928 1
1929 1
1930 1
1931 1
1932 1
1933 1
1934 1
1935 1
1936 1
1937 1
1938 1
1939 1
1940 1
1941 1
1942 1
1943 1
1944 1
1945 1
1946 1
1947 1
1948 1
1949 1
1950 1
1951 1
1952 1
1953 1
1954 1
1955 1
1956 1
1957 1
1958 1
1959 1
1960 1
1961 1
1962 1
1963 1
1964 1
1965 1
1966 1
1967 1
1968 1
1969 1
1970 1
1971 1
1972 1
1973 1
1974 1
1975 1
1976 1
1977 1
1978 1
1979 1
1980 1
1981 1
1982 1
1983 1
1984 1
1985 1
1986 1
1987 1
1988 1
1989 1
1990 1
1991 1
1992 1
1993 1
1994 1
1995 1
1996 1
1997 1
1998 1
1999 1
2000 1
2001 1
2002 1
2003 1
2004 1
2005 1
2006 1
2007 1
2008 1
2009 1
2010 1
2011 1
2012 1
2013 1
2014 1
2015 1
2016 1
2017 1
2018 1
2019 1
2020 1
2021 1
2022 1
2023 1
2024 1
2025 1
2026 1
2027 1
2028 1
2029 1
2030 1
2031 1
2032 1
2033 1
2034 1
2035 1
2036 1
2037 1
2038 1
2039 1
2040 1
2041 1
2042 1
2043 1
2044 1
2045 1
2046 1
2047 1
2048 1
2049 1
2050 1
2051 1
2052 1
2053 1
2054 1
2055 1
2056 1
2057 1
2058 1
2059 1
2060 1
2061 1
2062 1
2063 1
2064 1
2065 1
2066 1
2067 1
2068 1
2069 1
2070 1
2071 1
2072 1
2073 1
2074 1
2075 1
2076 1
2077 1
2078 1
2079 1
2080 1
2081 1
2082 1
2083 1
2084 1
2085 1
2086 1
2087 1
2088 1
2089 1
2090 1
2091 1
2092 1
2093 1
2094 1
2095 1
2096 1
2097 1
2098 1
2099 1
2100 1
2101 1
2102 1
2103 1
2104 1
2105 1
2106 1
2107 1
2108 1
2109 1
2110 1
2111 1
2112 1
2113 1
2114 1
2115 1
2116 1
2117 1
2118 1
2119 1
2120 1
2121 1
2122 1
2123 1
2124 1
2125 1
2126 1
2127 1
2128 1
2129 1
2130 1
2131 1
2132 1
2133 1
2134 1
2135 1
2136 1
2137 1
2138 1
2139 1
2140 1
2141 1
2142 1
2143 1
2144 1
2145 1
2146 1
2147 1
2148 1
2149 1
2150 1
2151 1
2152 1
2153 1
2154 1
2155 1
2156 1
2157 1
2158 1
2159 1
2160 1
2161 1
2162 1
2163 1
2164 1
2165 1
2166 1
2167 1
2168 1
2169 1
2170 1
2171 1
2172 1
2173 1
2174 1
2175 1
2176 1
2177 1
2178 1
2179 1
2180 1
2181 1
2182 1
2183 1
2184 1
2185 1
2186 1
2187 1
2188 1
2189 1
2190 1
2191 1
2192 1
2193 1
2194 1
2195 1
2196 1
2197 1
2198 1
2199 1
2200 1
2201 1
2202 1
2203 1
2204 1
2205 1
2206 1
2207 1
2208 1
2209 1
2210 1
2211 1
2212 1
2213 1
2214 1
2215 1
2216 1
2217 1
2218 1
2219 1
2220 1
2221 1
2222 1
2223 1
2224 1
2225 1
2226 3
2227 3
2228 3
2229 3
2230 3
2231 3
2232 3
2233 3
2234 3
2235 3
2236 3
2237 3
2238 3
2239 3
2240 3
2241 3
2242 3
2243 3
2244 3
2245 3
2246 3
2247 3
2248 3
2249 3
2250 3
2251 3
2252 3
2253 3
2254 3
2255 3
2256 3
2257 3
2258 3
2259 3
2260 3
2261 3
2262 3
2263 3
2264 3
2265 3
2266 3
2267 3
2268 3
2269 3
2270 3
2271 3
2272 3
2273 3
2274 3
2275 3
2276 3
2277 3
2278 3
2279 3
2280 3
2281 3
2282 3
2283 3
2284 3
2285 3
2286 3
2287 3
2288 3
2289 3
2290 3
2291 3
2292 3
2293 3
2294 3
2295 3
2296 3
2297 3
2298 3
2299 3
2300 3
2301 3
2302 3
2303 3
2304 3
2305 3
2306 3
2307 3
2308 3
2309 3
2310 3
2311 3
2312 3
2313 3
2314 3
2315 3
2316 3
2317 3
2318 3
2319 3
2320 3
2321 3
2322 3
2323 3
2324 3
2325 3
2326 3
2327 3
2328 3
2329 3
2330 3
2331 3
2332 3
2333 3
2334 3
2335 3
2336 3
2337 3
2338 3
2339 3
2340 3
2341 3
2342 3
2343 3
2344 3
2345 3
2346 3
2347 3
2348 3
2349 3
2350 3
2351 3
2352 3
2353 3
2354 3
2355 3
2356 3
2357 3
2358 3
2359 3
2360 3
2361 3
2362 3
2363 3
2364 3
2365 3
2366 3
2367 3
2368 3
2369 3
2370 3
2371 3
2372 3
2373 3
2374 3
2375 3
2376 3
2377 3
2378 3
2379 3
2380 3
2381 3
2382 3
2383 3
2384 3
2385 3
2386 3
2387 3
2388 3
2389 3
2390 3
2391 3
2392 3
2393 3
2394 3
2395 3
2396 3
2397 3
2398 3
2399 3
2400 3
2401 3
2402 3
2403 3
2404 3
2405 3
2406 3
2407 3
2408 3
2409 3
2410 3
2411 3
2412 3
2413 3
2414 3
2415 3
2416 3
2417 3
2418 3
2419 3
2420 3
2421 3
2422 3
2423 3
2424 3
2425 3
2426 3
2427 3
2428 3
2429 3
2430 3
2431 3
2432 3
2433 3
2434 3
2435 3
2436 3
2437 3
2438 3
2439 3
2440 3
2441 3
2442 3
2443 3
2444 3
2445 3
2446 3
2447 3
2448 3
2449 3
2450 3
2451 3
2452 3
2453 3
2454 3
2455 3
2456 3
2457 3
2458 3
2459 3
2460 3
2461 3
2462 3
2463 3
2464 3
2465 3
2466 3
2467 3
2468 3
2469 3
2470 3
2471 3
2472 3
2473 3
2474 3
2475 3
2476 3
2477 3
2478 3
2479 3
2480 3
2481 3
2482 3
2483 3
2484 3
2485 3
2486 3
2487 3
2488 3
2489 3
2490 3
2491 3
2492 3
2493 3
2494 3
2495 3
2496 3
2497 3
2498 3
2499 3
2500 3
2501 3
2502 3
2503 3
2504 3
2505 3
2506 3
2507 3
2508 3
2509 3
2510 3
2511 3
2512 3
2513 3
2514 3
2515 3
2516 3
2517 3
2518 3
2519 3
2520 1
2521 1
2522 1
2523 1
2524 1
2525 1
2526 1
2527 1
2528 1
2529 1
2530 1
2531 1
2532 1
2533 1
2534 1
2535 1
2536 1
2537 1
2538 1
2539 1
2540 1
2541 4
2542 4
2543 4
2544 4
2545 4
2546 4
2547 4
2548 4
2549 4
2550 4
2551 4
2552 4
2553 4
2554 4
2555 4
2556 4
2557 4
2558 4
2559 4
2560 4
2561 4
2562 4
2563 4
2564 4
2565 4
2566 4
2567 4
2568 4
2569 4
2570 4
2571 4
2572 4
2573 4
2574 4
2575 4
2576 4
2577 4
2578 4
2579 4
2580 4
2581 4
2582 4
2583 4
2584 4
2585 4
2586 4
2587 4
2588 4
2589 4
2590 4
2591 4
2592 4
2593 4
2594 4
2595 4
2596 4
2597 4
2598 4
2599 4
2600 4
2601 4
2602 4
2603 4
2604 4
2605 4
2606 4
2607 4
2608 4
2609 4
2610 4
2611 4
2612 4
2613 4
2614 4
2615 4
2616 4
2617 4
2618 4
2619 4
2620 4
2621 4
2622 4
2623 4
2624 4
2625 4
2626 4
2627 4
2628 4
2629 4
2630 4
2631 4
2632 4
2633 4
2634 4
2635 4
2636 4
2637 4
2638 4
2639 4
2640 4
2641 4
2642 4
2643 4
2644 4
2645 4
2646 4
2647 4
2648 4
2649 4
2650 4
2651 4
2652 4
2653 4
2654 4
2655 4
2656 4
2657 4
2658 4
2659 4
2660 4
2661 4
2662 4
2663 4
2664 4
2665 4
2666 4
2667 4
2668 4
2669 4
2670 4
2671 4
2672 4
2673 4
2674 4
2675 4
2676 4
2677 4
2678 4
2679 4
2680 4
2681 4
2682 4
2683 4
2684 4
2685 4
2686 4
2687 4
2688 1
2689 1
2690 1
2691 1
2692 1
2693 1
2694 1
2695 1
2696 1
2697 1
2698 1
2699 1
2700 1
2701 1
2702 1
2703 1
2704 1
2705 1
2706 1
2707 1
2708 1
2709 1
2710 1
2711 1
2712 1
2713 1
2714 1
2715 1
2716 1
2717 1
2718 1
2719 1
2720 1
2721 1
2722 1
2723 1
2724 1
2725 1
2726 1
2727 1
2728 1
2729 1
2730 1
2731 1
2732 1
2733 1
2734 1
2735 1
2736 1
2737 1
2738 1
2739 1
2740 1
2741 1
2742 1
2743 1
2744 1
2745 1
2746 1
2747 1
2748 1
2749 1
2750 1
2751 1
2752 1
2753 1
2754 1
2755 1
2756 1
2757 1
2758 1
2759 1
2760 1
2761 1
2762 1
2763 1
2764 1
2765 1
2766 1
2767 1
2768 1
2769 1
2770 1
2771 1
2772 1
2773 1
2774 1
2775 1
2776 1
2777 1
2778 1
2779 1
2780 1
2781 1
2782 1
2783 1
2784 1
2785 1
2786 1
2787 1
2788 1
2789 1
2790 1
2791 1
2792 1
2793 1
2794 1
2795 1
2796 1
2797 1
2798 1
2799 1
2800 1
2801 1
2802 1
2803 1
2804 1
2805 1
2806 1
2807 1
2808 1
2809 1
2810 1
2811 1
2812 1
2813 1
2814 1
2815 1
2816 1
2817 1
2818 1
2819 1
2820 1
2821 1
2822 1
2823 1
2824 1
2825 1
2826 1
2827 1
2828 1
2829 1
2830 1
2831 1
2832 1
2833 1
2834 1
2835 1
2836 1
2837 1
2838 1
2839 1
2840 1
2841 1
2842 1
2843 1
2844 1
2845 1
2846 1
2847 1
2848 1
2849 1
2850 1
2851 1
2852 1
2853 1
2854 1
2855 1
2856 4
2857 4
2858 4
2859 4
2860 4
2861 4
2862 4
2863 4
2864 4
2865 4
2866 4
2867 4
2868 4
2869 4
2870 4
2871 4
2872 4
2873 4
2874 4
2875 4
2876 4
2877 4
2878 4
2879 4
2880 4
2881 4
2882 4
2883 4
2884 4
2885 4
2886 4
2887 4
2888 4
2889 4
2890 4
2891 4
2892 4
2893 4
2894 4
2895 4
2896 4
2897 4
2898 4
2899 4
2900 4
2901 4
2902 4
2903 4
2904 4
2905 4
2906 4
2907 4
2908 4
2909 4
2910 4
2911 4
2912 4
2913 4
2914 4
2915 4
2916 4
2917 4
2918 4
2919 4
2920 4
2921 4
2922 4
2923 4
2924 4
2925 4
2926 4
2927 4
2928 4
2929 4
2930 4
2931 4
2932 4
2933 4
2934 4
2935 4
2936 4
2937 4
2938 4
2939 4
2940 4
2941 4
2942 4
2943 4
2944 4
2945 4
2946 4
2947 4
2948 4
2949 4
2950 4
2951 4
2952 4
2953 4
2954 4
2955 4
2956 4
2957 4
2958 4
2959 4
2960 4
2961 4
2962 4
2963 4
2964 4
2965 4
2966 4
2967 4
2968 4
2969 4
2970 4
2971 4
2972 4
2973 4
2974 4
2975 4
2976 4
2977 4
2978 4
2979 4
2980 4
2981 4
2982 4
2983 4
2984 4
2985 4
2986 4
2987 4
2988 4
2989 4
2990 4
2991 4
2992 4
2993 4
2994 4
2995 4
2996 4
2997 4
2998 4
2999 4
3000 4
3001 4
3002 4
3003 2
3004 2
3005 2
3006 2
3007 2
3008 2
3009 2
3010 2
3011 2
3012 2
3013 2
3014 2
3015 2
3016 2
3017 2
3018 2
3019 2
3020 2
3021 2
3022 2
3023 2
3024 2
3025 2
3026 2
3027 2
3028 2
3029 2
3030 2
3031 2
3032 2
3033 2
3034 2
3035 2
3036 2
3037 2
3038 2
3039 2
3040 2
3041 2
3042 2
3043 2
3044 2
3045 2
3046 2
3047 2
3048 2
3049 2
3050 2
3051 2
3052 2
3053 2
3054 2
3055 2
3056 2
3057 2
3058 2
3059 2
3060 2
3061 2
3062 2
3063 2
3064 2
3065 2
3066 2
3067 2
3068 2
3069 2
3070 2
3071 2
3072 2
3073 2
3074 2
3075 2
3076 2
3077 2
3078 2
3079 2
3080 2
3081 2
3082 2
3083 2
3084 2