1 0
2 0
3 0
4 0
5 0
6 0
7 0
8 0
9 0
10 0
11 0
12 0
13 0
14 0
15 0
16 0
17 0
18 0
19 0
20 0
21 2
22 2
23 2
24 2
25 2
26 2
27 2
28 2
29 2
30 2
31 2
32 2
33 2
34 2
35 2
36 2
37 2
38 2
39 2
40 2
41 2
42 2
43 2
44 2
45 2
46 2
47 2
48 2
49 2
50 2
51 2
52 2
53 2
54 2
55 2
56 2
57 2
58 2
59 2
60 2
61 2
62 2
63 2
64 2
65 2
66 2
67 2
68 2
69 2
70 2
71 2
72 2
73 2
74 2
75 2
76 2
77 2
78 2
79 2
80 2
81 2
82 2
83 2
84 2
85 2
86 2
87 2
88 2
89 2
90 2
91 2
92 2
93 2
94 2
95 2
96 2
97 2
98 2
99 2
100 2
101 2
102 2
103 2
104 2
105 2
106 2
107 2
108 2
109 2
110 2
111 2
112 2
113 2
114 2
115 2
116 2
117 2
118 2
119 2
120 2
121 2
122 2
123 2
124 2
125 2
126 2
127 2
128 2
129 2
130 2
131 2
132 2
133 2
134 2
135 2
136 2
137 2
138 2
139 2
140 2
141 2
142 2
143 2
144 2
145 2
146 2
147 2
148 2
149 2
150 2
151 2
152 2
153 2
154 2
155 2
156 2
157 2
158 2
159 2
160 2
161 2
162 2
163 2
164 2
165 2
166 2
167 2
168 2
169 2
170 2
171 2
172 2
173 2
174 2
175 2
176 2
177 2
178 2
179 2
180 2
181 2
182 2
183 2
184 2
185 2
186 2
187 2
188 2
189 2
190 2
191 2
192 2
193 2
194 2
195 2
196 2
197 2
198 2
199 2
200 2
201 2
202 2
203 2
204 2
205 2
206 2
207 2
208 2
209 2
210 2
211 2
212 2
213 2
214 2
215 2
216 2
217 2
218 2
219 2
220 2
221 2
222 2
223 2
224 2
225 2
226 2
227 2
228 2
229 2
230 2
231 2
232 2
233 2
234 2
235 2
236 2
237 2
238 2
239 2
240 2
241 2
242 2
243 2
244 2
245 2
246 2
247 2
248 2
249 2
250 2
251 2
252 2
253 2
254 2
255 2
256 2
257 2
258 2
259 2
260 2
261 2
262 2
263 2
264 2
265 2
266 2
267 2
268 2
269 2
270 2
271 2
272 2
273 2
274 2
275 2
276 2
277 2
278 2
279 2
280 2
281 2
282 2
283 2
284 2
285 2
286 2
287 2
288 2
289 2
290 2
291 2
292 2
293 2
294 5
295 5
296 5
297 5
298 5
299 5
300 5
301 5
302 5
303 5
304 5
305 5
306 5
307 5
308 5
309 5
310 5
311 5
312 5
313 5
314 5
315 5
316 5
317 5
318 5
319 5
320 5
321 5
322 5
323 5
324 5
325 5
326 5
327 5
328 5
329 5
330 5
331 5
332 5
333 5
334 5
335 5
336 5
337 5
338 5
339 5
340 5
341 5
342 5
343 5
344 5
345 5
346 5
347 5
348 5
349 5
350 5
351 5
352 5
353 5
354 5
355 5
356 5
357 5
358 5
359 5
360 5
361 5
362 5
363 5
364 5
365 5
366 5
367 5
368 5
369 5
370 5
371 5
372 5
373 5
374 5
375 5
376 5
377 5
378 5
379 5
380 5
381 5
382 5
383 5
384 5
385 5
386 5
387 5
388 5
389 5
390 5
391 5
392 5
393 5
394 5
395 5
396 5
397 5
398 5
399 5
400 5
401 5
402 5
403 5
404 5
405 5
406 5
407 5
408 5
409 5
410 5
411 5
412 5
413 5
414 5
415 5
416 5
417 5
418 5
419 5
420 5
421 5
422 5
423 5
424 5
425 5
426 5
427 5
428 5
429 5
430 5
431 5
432 5
433 5
434 5
435 5
436 5
437 5
438 5
439 5
440 5
441 0
442 0
443 0
444 0
445 0
446 0
447 0
448 0
449 0
450 0
451 0
452 0
453 0
454 0
455 0
456 0
457 0
458 0
459 0
460 0
461 0
462 0
463 0
464 0
465 0
466 0
467 0
468 0
469 0
470 0
471 0
472 0
473 0
474 0
475 0
476 0
477 0
478 0
479 0
480 0
481 0
482 0
483 0
484 0
485 0
486 0
487 0
488 0
489 0
490 0
491 0
492 0
493 0
494 0
495 0
496 0
497 0
498 0
499 0
500 0
501 0
502 0
503 0
504 0
505 0
506 0
507 0
508 0
509 0
510 0
511 0
512 0
513 0
514 0
515 0
516 0
517 0
518 0
519 0
520 0
521 0
522 0
523 0
524 0
525 0
526 0
527 0
528 0
529 0
530 0
531 0
532 0
533 0
534 0
535 0
536 0
537 0
538 0
539 0
540 0
541 0
542 0
543 0
544 0
545 0
546 0
547 0
548 0
549 0
550 0
551 0
552 0
553 0
554 0
555 0
556 0
557 0
558 0
559 0
560 0
561 0
562 0
563 0
564 0
565 0
566 0
567 4
568 4
569 4
570 4
571 4
572 4
573 4
574 4
575 4
576 4
577 4
578 4
579 4
580 4
581 4
582 4
583 4
584 4
585 4
586 4
587 4
588 4
589 4
590 4
591 4
592 4
593 4
594 4
595 4
596 4
597 4
598 4
599 4
600 4
601 4
602 4
603 4
604 4
605 4
606 4
607 4
608 4
609 4
610 4
611 4
612 4
613 4
614 4
615 4
616 4
617 4
618 4
619 4
620 4
621 4
622 4
623 4
624 4
625 4
626 4
627 4
628 4
629 4
630 4
631 4
632 4
633 4
634 4
635 4
636 4
637 4
638 4
639 4
640 4
641 4
642 4
643 4
644 4
645 4
646 4
647 4
648 4
649 4
650 4
651 4
652 4
653 4
654 4
655 4
656 4
657 4
658 4
659 4
660 4
661 4
662 4
663 4
664 4
665 4
666 4
667 4
668 4
669 4
670 4
671 4
672 4
673 4
674 4
675 4
676 4
677 4
678 4
679 4
680 4
681 4
682 4
683 4
684 4
685 4
686 4
687 4
688 4
689 4
690 4
691 4
692 4
693 5
694 5
695 5
696 5
697 5
698 5
699 5
700 5
701 5
702 5
703 5
704 5
705 5
706 5
707 5
708 5
709 5
710 5
711 5
712 5
713 5
714 5
715 5
716 5
717 5
718 5
719 5
720 5
721 5
722 5
723 5
724 5
725 5
726 5
727 5
728 5
729 5
730 5
731 5
732 5
733 5
734 5
735 2
736 2
737 2
738 2
739 2
740 2
741 2
742 2
743 2
744 2
745 2
746 2
747 2
748 2
749 2
750 2
751 2
752 2
753 2
754 2
755 2
756 2
757 2
758 2
759 2
760 2
761 2
762 2
763 2
764 2
765 2
766 2
767 2
768 2
769 2
770 2
771 2
772 2
773 2
774 2
775 2
776 2
777 2
778 2
779 2
780 2
781 2
782 2
783 2
784 2
785 2
786 2
787 2
788 2
789 2
790 2
791 2
792 2
793 2
794 2
795 2
796 2
797 2
798 2
799 2
800 2
801 2
802 2
803 2
804 2
805 2
806 2
807 2
808 2
809 2
810 2
811 2
812 2
813 2
814 2
815 2
816 2
817 2
818 2
819 2
820 2
821 2
822 2
823 2
824 2
825 2
826 2
827 2
828 2
829 2
830 2
831 2
832 2
833 2
834 2
835 2
836 2
837 2
838 2
839 2
840 2
841 2
842 2
843 2
844 2
845 2
846 2
847 2
848 2
849 2
850 2
851 2
852 2
853 2
854 2
855 2
856 2
857 2
858 2
859 2
860 2
861 2
862 2
863 2
864 2
865 2
866 2
867 2
868 2
869 2
870 2
871 2
872 2
873 2
874 2
875 2
876 2
877 2
878 2
879 2
880 2
881 2
882 2
883 2
884 2
885 2
886 2
887 2
888 2
889 2
890 2
891 2
892 2
893 2
894 2
895 2
896 2
897 2
898 2
899 2
900 2
901 2
902 2
903 2
904 2
905 2
906 2
907 2
908 2
909 2
910 2
911 2
912 2
913 2
914 2
915 2
916 2
917 2
918 2
919 2
920 2
921 2
922 2
923 2
924 2
925 2
926 2
927 2
928 2
929 2
930 2
931 2
932 2
933 2
934 2
935 2
936 2
937 2
938 2
939 2
940 2
941 2
942 2
943 2
944 2
945 2
946 2
947 2
948 2
949 2
950 2
951 2
952 2
953 2
954 2
955 2
956 2
957 2
958 2
959 2
960 2
961 2
962 2
963 2
964 2
965 2
966 2
967 2
968 2
969 2
970 2
971 2
972 2
973 2
974 2
975 2
976 2
977 2
978 2
979 2
980 2
981 2
982 2
983 2
984 2
985 2
986 2
987 2
988 2
989 2
990 2
991 2
992 2
993 2
994 2
995 2
996 2
997 2
998 2
999 2
1000 2
1001 2
1002 2
1003 2
1004 2
1005 2
1006 2
1007 2
1008 2
1009 2
1010 2
1011 2
1012 2
1013 2
1014 2
1015 2
1016 2
1017 2
1018 2
1019 2
1020 2
1021 2
1022 2
1023 2
1024 2
1025 2
1026 2
1027 2
1028 2
1029 2
1030 2
1031 2
1032 2
1033 2
1034 2
1035 2
1036 2
1037 2
1038 2
1039 2
1040 2
1041 2
1042 2
1043 2
1044 2
1045 2
1046 2
1047 2
1048 2
1049 2
1050 2
1051 2
1052 2
1053 2
1054 2
1055 2
1056 2
1057 2
1058 2
1059 2
1060 2
1061 2
1062 2
1063 2
1064 2
1065 2
1066 2
1067 2
1068 2
1069 2
1070 2
1071 2
1072 2
1073 2
1074 2
1075 2
1076 2
1077 2
1078 2
1079 2
1080 2
1081 2
1082 2
1083 2
1084 2
1085 2
1086 2
1087 2
1088 2
1089 2
1090 2
1091 2
1092 2
1093 2
1094 2
1095 2
1096 2
1097 2
1098 2
1099 2
1100 2
1101 2
1102 2
1103 2
1104 2
1105 2
1106 2
1107 2
1108 2
1109 2
1110 2
1111 2
1112 2
1113 2
1114 2
1115 2
1116 2
1117 2
1118 2
1119 2
1120 2
1121 2
1122 2
1123 2
1124 2
1125 2
1126 2
1127 2
1128 2
1129 2
1130 2
1131 2
1132 2
1133 2
1134 5
1135 5
1136 5
1137 5
1138 5
1139 5
1140 5
1141 5
1142 5
1143 5
1144 5
1145 5
1146 5
1147 5
1148 5
1149 5
1150 5
1151 5
1152 5
1153 5
1154 5
1155 5
1156 5
1157 5
1158 5
1159 5
1160 5
1161 5
1162 5
1163 5
1164 5
1165 5
1166 5
1167 5
1168 5
1169 5
1170 5
1171 5
1172 5
1173 5
1174 5
1175 5
1176 1
1177 1
1178 1
1179 1
1180 1
1181 1
1182 1
1183 1
1184 1
1185 1
1186 1
1187 1
1188 1
1189 1
1190 1
1191 1
1192 1
1193 1
1194 1
1195 1
1196 1
1197 1
1198 1
1199 1
1200 1
1201 1
1202 1
1203 1
1204 1
1205 1
1206 1
1207 1
1208 1
1209 1
1210 1
1211 1
1212 1
1213 1
1214 1
1215 1
1216 1
1217 1
1218 1
1219 1
1220 1
1221 1
1222 1
1223 1
1224 1
1225 1
1226 1
1227 1
1228 1
1229 1
1230 1
1231 1
1232 1
1233 1
1234 1
1235 1
1236 1
1237 1
1238 1
1239 1
1240 1
1241 1
1242 1
1243 1
1244 1
1245 1
1246 1
1247 1
1248 1
1249 1
1250 1
1251 1
1252 1
1253 1
1254 1
1255 1
1256 1
1257 1
1258 1
1259 1
1260 1
1261 1
1262 1
1263 1
1264 1
1265 1
1266 1
1267 1
1268 1
1269 1
1270 1
1271 1
1272 1
1273 1
1274 1
1275 1
1276 1
1277 1
1278 1
1279 1
1280 1
1281 0
1282 0
1283 0
1284 0
1285 0
1286 0
1287 0
1288 0
1289 0
1290 0
1291 0
1292 0
1293 0
1294 0
1295 0
1296 0
1297 0
1298 0
1299 0
1300 0
1301 0
1302 0
1303 0
1304 0
1305 0
1306 0
1307 0
1308 0
1309 0
1310 0
1311 0
1312 0
1313 0
1314 0
1315 0
1316 0
1317 0
1318 0
1319 0
1320 0
1321 0
1322 0
1323 0
1324 0
1325 0
1326 0
1327 0
1328 0
1329 0
1330 0
1331 0
1332 0
1333 0
1334 0
1335 0
1336 0
1337 0
1338 0
1339 0
1340 0
1341 0
1342 0
1343 0
1344 0
1345 0
1346 0
1347 0
1348 0
1349 0
1350 0
1351 0
1352 0
1353 0
1354 0
1355 0
1356 0
1357 0
1358 0
1359 0
1360 0
1361 0
1362 0
1363 0
1364 0
1365 0
1366 0
1367 0
1368 0
1369 0
1370 0
1371 0
1372 0
1373 0
1374 0
1375 0
1376 0
1377 0
1378 0
1379 0
1380 0
1381 0
1382 0
1383 0
1384 0
1385 0
1386 0
1387 0
1388 0
1389 0
1390 0
1391 0
1392 0
1393 0
1394 0
1395 0
1396 0
1397 0
1398 0
1399 0
1400 0
1401 0
1402 0
1403 0
1404 0
1405 0
1406 0
1407 0
1408 0
1409 0
1410 0
1411 0
1412 0
1413 0
1414 0
1415 0
1416 0
1417 0
1418 0
1419 0
1420 0
1421 0
1422 0
1423 0
1424 0
1425 0
1426 0
1427 0
1428 0
1429 0
1430 0
1431 0
1432 0
1433 0
1434 0
1435 0
1436 0
1437 0
1438 0
1439 0
1440 0
1441 0
1442 0
1443 0
1444 0
1445 0
1446 0
1447 0
1448 0
1449 0
1450 0
1451 0
1452 0
1453 0
1454 0
1455 0
1456 0
1457 0
1458 0
1459 0
1460 0
1461 0
1462 0
1463 0
1464 0
1465 0
1466 0
1467 0
1468 0
1469 0
1470 0
1471 0
1472 0
1473 0
1474 0
1475 0
1476 0
1477 0
1478 0
1479 0
1480 0
1481 0
1482 0
1483 0
1484 0
1485 0
1486 0
1487 0
1488 0
1489 0
1490 0
1491 0
1492 0
1493 0
1494 0
1495 0
1496 0
1497 0
1498 0
1499 0
1500 0
1501 0
1502 0
1503 0
1504 0
1505 0
1506 0
1507 0
1508 0
1509 0
1510 0
1511 0
1512 0
1513 0
1514 0
1515 0
1516 0
1517 0
1518 0
1519 0
1520 0
1521 0
1522 0
1523 0
1524 0
1525 0
1526 0
1527 0
1528 0
1529 0
1530 0
1531 0
1532 0
1533 0
1534 0
1535 0
1536 0
1537 0
1538 0
1539 0
1540 0
1541 0
1542 0
1543 0
1544 0
1545 0
1546 0
1547 0
1548 0
1549 0
1550 0
1551 0
1552 0
1553 0
1554 0
1555 0
1556 0
1557 0
1558 0
1559 0
1560 0
1561 0
1562 0
1563 0
1564 0
1565 0
1566 0
1567 0
1568 0
1569 0
1570 0
1571 0
1572 0
1573 0
1574 0
1575 0
1576 0
1577 0
1578 0
1579 0
1580 0
1581 0
1582 0
1583 0
1584 0
1585 0
1586 0
1587 0
1588 0
1589 0
1590 0
1591 0
1592 0
1593 0
1594 0
1595 0
1596 0
1597 0
1598 0
1599 0
1600 0
1601 0
1602 0
1603 0
1604 0
1605 0
1606 0
1607 0
1608 0
1609 0
1610 0
1611 0
1612 0
1613 0
1614 0
1615 0
1616 0
1617 0
1618 0
1619 0
1620 0
1621 0
1622 0
1623 0
1624 0
1625 0
1626 0
1627 0
1628 0
1629 0
1630 0
1631 0
1632 0
1633 0
1634 0
1635 0
1636 0
1637 0
1638 0
1639 0
1640 0
1641 0
1642 0
1643 0
1644 0
1645 0
1646 0
1647 0
1648 0
1649 0
1650 0
1651 0
1652 0
1653 0
1654 0
1655 0
1656 0
1657 0
1658 0
1659 0
1660 0
1661 0
1662 0
1663 0
1664 0
1665 0
1666 0
1667 0
1668 0
1669 0
1670 0
1671 0
1672 0
1673 0
1674 0
1675 0
1676 0
1677 0
1678 0
1679 0
1680 0
1681 0
1682 0
1683 0
1684 0
1685 0
1686 0
1687 0
1688 0
1689 0
1690 0
1691 0
1692 0
1693 0
1694 0
1695 0
1696 0
1697 0
1698 0
1699 0
1700 0
1701 0
1702 0
1703 0
1704 0
1705 0
1706 0
1707 0
1708 0
1709 0
1710 0
1711 0
1712 0
1713 0
1714 0
1715 0
1716 0
1717 0
1718 0
1719 0
1720 0
1721 0
1722 0
1723 0
1724 0
1725 0
1726 0
1727 0
1728 0
1729 0
1730 0
1731 0
1732 0
1733 0
1734 0
1735 0
1736 0
1737 0
1738 0
1739 0
1740 0
1741 0
1742 0
1743 4
1744 4
1745 4
1746 4
1747 4
1748 4
1749 4
1750 4
1751 4
1752 4
1753 4
1754 4
1755 4
1756 4
1757 4
1758 4
1759 4
1760 4
1761 4
1762 4
1763 4
1764 4
1765 4
1766 4
1767 4
1768 4
1769 4
1770 4
1771 4
1772 4
1773 4
1774 4
1775 4
1776 4
1777 4
1778 4
1779 4
1780 4
1781 4
1782 4
1783 4
1784 4
1785 4
1786 4
1787 4
1788 4
1789 4
1790 4
1791 4
1792 4
1793 4
1794 4
1795 4
1796 4
1797 4
1798 4
1799 4
1800 4
1801 4
1802 4
1803 4
1804 4
1805 4
1806 1
1807 1
1808 1
1809 1
1810 1
1811 1
1812 1
1813 1
1814 1
1815 1
1816 1
1817 1
1818 1
1819 1
1820 1
1821 1
1822 1
1823 1
1824 1
1825 1
1826 1
1827 1
1828 1
1829 1
1830 1
1831 1
1832 1
1833 1
1834 1
1835 1
1836 1
1837 1
1838 1
1839 1
1840 1
1841 1
1842 1
1843 1
1844 1
1845 1
1846 1
1847 1
1848 1
1849 1
1850 1
1851 1
1852 1
1853 1
1854 1
1855 1
1856 1
1857 1
1858 1
1859 1
1860 1
1861 1
1862 1
1863 1
1864 1
1865 1
1866 1
1867 1
1868 1
1869 1
1870 1
1871 1
1872 1
1873 1
1874 1
1875 1
1876 1
1877 1
1878 1
1879 1
1880 1
1881 1
1882 1
1883 1
1884 1
1885 1
1886 1
1887 1
1888 1
1889 1
1890 1
1891 1
1892 1
1893 1
1894 1
1895 1
1896 1
1897 1
1898 1
1899 1
1900 1
1901 1
1902 1
1903 1
1904 1
1905 1
1906 1
1907 1
1908 1
1909 1
1910 1
1911 1
1912 1
1913 1
1914 1
1915 1
1916 1
1917 1
1918 1
1919 1
1920 1
1921 1
1922 1
1923 1
1924 1
1925 1
1926 1
1927 1
1928 1
1929 1
1930 1
1931 1
1932 1
1933 1
1934 1
1935 1
1936 1
1937 1
1938 1
1939 1
1940 1
1941 1
1942 1
1943 1
1944 1
1945 1
1946 1
1947 1
1948 1
1949 1
1950 1
1951 1
1952 1
1953 1
1954 1
1955 1
1956 1
1957 1
1958 1
1959 1
1960 1
1961 1
1962 1
1963 1
1964 1
1965 1
1966 1
1967 1
1968 1
1969 1
1970 1
1971 1
1972 1
1973 1
1974 1
1975 1
1976 1
1977 1
1978 1
1979 1
1980 1
1981 1
1982 1
1983 1
1984 1
1985 1
1986 1
1987 1
1988 1
1989 1
1990 1
1991 1
1992 1
1993 1
1994 1
1995 1
1996 1
1997 1
1998 1
1999 1
2000 1
2001 1
2002 1
2003 1
2004 1
2005 1
2006 1
2007 1
2008 1
2009 1
2010 1
2011 1
2012 1
2013 1
2014 1
2015 1
2016 1
2017 1
2018 1
2019 1
2020 1
2021 1
2022 1
2023 1
2024 1
2025 1
2026 1
2027 1
2028 1
2029 1
2030 1
2031 1
2032 1
2033 1
2034 1
2035 1
2036 1
2037 1
2038 1
2039 1
2040 1
2041 1
2042 1
2043 1
2044 1
2045 1
2046 1
2047 1
2048 1
2049 1
2050 1
2051 1
2052 1
2053 1
2054 1
2055 1
2056 1
2057 1
2058 1
2059 1
2060 1
2061 1
2062 1
2063 1
2064 1
2065 1
2066 1
2067 1
2068 1
2069 1
2070 1
2071 1
2072 1
2073 1
2074 1
2075 1
2076 1
2077 1
2078 1
2079 1
2080 1
2081 1
2082 1
2083 1
2084 1
2085 1
2086 1
2087 1
2088 1
2089 1
2090 1
2091 1
2092 1
2093 1
2094 1
2095 1
2096 1
2097 1
2098 1
2099 1
2100 1
2101 1
2102 1
2103 1
2104 1
2105 1
2106 1
2107 1
2108 1
2109 1
2110 1
2111 1
2112 1
2113 1
2114 1
2115 1
2116 1
2117 1
2118 1
2119 1
2120 1
2121 1
2122 1
2123 1
2124 1
2125 1
2126 1
2127 1
2128 1
2129 1
2130 1
2131 1
2132 1
2133 1
2134 1
2135 1
2136 1
2137 1
2138 1
2139 1
2140 1
2141 1
2142 1
2143 1
2144 1
2145 1
2146 1
2147 1
2148 1
2149 1
2150 1
2151 1
2152 1
2153 1
2154 1
2155 1
2156 1
2157 1
2158 1
2159 1
2160 1
2161 1
2162 1
2163 1
2164 1
2165 1
2166 1
2167 1
2168 1
2169 1
2170 1
2171 1
2172 1
2173 1
2174 1
2175 1
2176 1
2177 1
2178 1
2179 1
2180 1
2181 1
2182 1
2183 1
2184 1
2185 1
2186 1
2187 1
2188 1
2189 1
2190 1
2191 1
2192 1
2193 1
2194 1
2195 1
2196 1
2197 1
2198 1
2199 1
2200 1
2201 1
2202 1
2203 1
2204 1
2205 1
2206 1
2207 1
2208 1
2209 1
2210 1
2211 1
2212 1
2213 1
2214 1
2215 1
2216 1
2217 1
2218 1
2219 1
2220 1
2221 1
2222 1
2223 1
2224 1
2225 1
2226 1
2227 1
2228 1
2229 1
2230 1
2231 1
2232 1
2233 1
2234 1
2235 1
2236 1
2237 1
2238 1
2239 1
2240 1
2241 1
2242 1
2243 1
2244 1
2245 1
2246 1
2247 1
2248 1
2249 1
2250 1
2251 1
2252 1
2253 1
2254 1
2255 1
2256 1
2257 1
2258 1
2259 1
2260 1
2261 1
2262 1
2263 1
2264 1
2265 1
2266 1
2267 1
2268 1
2269 1
2270 1
2271 1
2272 1
2273 1
2274 1
2275 1
2276 1
2277 1
2278 1
2279 1
2280 1
2281 1
2282 1
2283 1
2284 1
2285 1
2286 1
2287 1
2288 1
2289 1
2290 1
2291 1
2292 1
2293 1
2294 1
2295 1
2296 1
2297 1
2298 1
2299 1
2300 1
2301 1
2302 1
2303 1
2304 1
2305 1
2306 1
2307 1
2308 1
2309 1
2310 1
2311 1
2312 1
2313 1
2314 1
2315 1
2316 1
2317 1
2318 1
2319 1
2320 1
2321 1
2322 1
2323 1
2324 1
2325 1
2326 1
2327 1
2328 1
2329 1
2330 1
2331 0
2332 0
2333 0
2334 0
2335 0
2336 0
2337 0
2338 0
2339 0
2340 0
2341 0
2342 0
2343 0
2344 0
2345 0
2346 0
2347 0
2348 0
2349 0
2350 0
2351 0
2352 0
2353 0
2354 0
2355 0
2356 0
2357 0
2358 0
2359 0
2360 0
2361 0
2362 0
2363 0
2364 0
2365 0
2366 0
2367 0
2368 0
2369 0
2370 0
2371 0
2372 0
2373 0
2374 0
2375 0
2376 0
2377 0
2378 0
2379 0
2380 0
2381 0
2382 0
2383 0
2384 0
2385 0
2386 0
2387 0
2388 0
2389 0
2390 0
2391 0
2392 0
2393 0
2394 0
2395 0
2396 0
2397 0
2398 0
2399 0
2400 0
2401 0
2402 0
2403 0
2404 0
2405 0
2406 0
2407 0
2408 0
2409 0
2410 0
2411 0
2412 0
2413 0
2414 0
2415 0
2416 0
2417 0
2418 0
2419 0
2420 0
2421 0
2422 0
2423 0
2424 0
2425 0
2426 0
2427 0
2428 0
2429 0
2430 0
2431 0
2432 0
2433 0
2434 0
2435 0
2436 0
2437 0
2438 0
2439 0
2440 0
2441 0
2442 0
2443 0
2444 0
2445 0
2446 0
2447 0
2448 0
2449 0
2450 0
2451 0
2452 0
2453 0
2454 0
2455 0
2456 0
2457 0
2458 0
2459 0
2460 0
2461 0
2462 0
2463 0
2464 0
2465 0
2466 0
2467 0
2468 0
2469 0
2470 0
2471 0
2472 0
2473 0
2474 0
2475 0
2476 0
2477 0
2478 0
2479 0
2480 0
2481 0
2482 0
2483 0
2484 0
2485 0
2486 0
2487 0
2488 0
2489 0
2490 0
2491 0
2492 0
2493 0
2494 0
2495 0
2496 0
2497 0
2498 0
2499 0
2500 0
2501 0
2502 0
2503 0
2504 0
2505 0
2506 0
2507 0
2508 0
2509 0
2510 0
2511 0
2512 0
2513 0
2514 0
2515 0
2516 0
2517 0
2518 0
2519 0
2520 0
2521 0
2522 0
2523 0
2524 0
2525 0
2526 0
2527 0
2528 0
2529 0
2530 0
2531 0
2532 0
2533 0
2534 0
2535 0
2536 0
2537 0
2538 0
2539 0
2540 0
2541 0
2542 0
2543 0
2544 0
2545 0
2546 0
2547 0
2548 0
2549 0
2550 0
2551 0
2552 0
2553 0
2554 0
2555 0
2556 0
2557 0
2558 0
2559 0
2560 0
2561 0
2562 0
2563 0
2564 0
2565 0
2566 0
2567 0
2568 0
2569 0
2570 0
2571 0
2572 0
2573 0
2574 0
2575 0
2576 0
2577 0
2578 0
2579 0
2580 0
2581 0
2582 0
2583 0
2584 0
2585 0
2586 0
2587 0
2588 0
2589 0
2590 0
2591 0
2592 0
2593 0
2594 0
2595 0
2596 0
2597 0
2598 0
2599 0
2600 0
2601 0
2602 0
2603 0
2604 0
2605 0
2606 0
2607 0
2608 0
2609 0
2610 0
2611 0
2612 0
2613 0
2614 0
2615 0
2616 0
2617 0
2618 0
2619 0
2620 0
2621 0
2622 0
2623 0
2624 0
2625 0
2626 0
2627 0
2628 0
2629 0
2630 0
2631 0
2632 0
2633 0
2634 0
2635 0
2636 0
2637 0
2638 0
2639 0
2640 0
2641 0
2642 0
2643 0
2644 0
2645 0
2646 0
2647 0
2648 0
2649 0
2650 0
2651 0
2652 0
2653 0
2654 0
2655 0
2656 0
2657 0
2658 0
2659 0
2660 0
2661 0
2662 0
2663 0
2664 0
2665 0
2666 0
2667 1
2668 1
2669 1
2670 1
2671 1
2672 1
2673 1
2674 1
2675 1
2676 1
2677 1
2678 1
2679 1
2680 1
2681 1
2682 1
2683 1
2684 1
2685 1
2686 1
2687 1
2688 1
2689 1
2690 1
2691 1
2692 1
2693 1
2694 1
2695 1
2696 1
2697 1
2698 1
2699 1
2700 1
2701 1
2702 1
2703 1
2704 1
2705 1
2706 1
2707 1
2708 1
2709 1
2710 1
2711 1
2712 1
2713 1
2714 1
2715 1
2716 1
2717 1
2718 1
2719 1
2720 1
2721 1
2722 1
2723 1
2724 1
2725 1
2726 1
2727 1
2728 1
2729 1
2730 1
2731 1
2732 1
2733 1
2734 1
2735 1
2736 1
2737 1
2738 1
2739 1
2740 1
2741 1
2742 1
2743 1
2744 1
2745 1
2746 1
2747 1
2748 1
2749 1
2750 1
2751 1
2752 1
2753 1
2754 1
2755 1
2756 1
2757 1
2758 1
2759 1
2760 1
2761 1
2762 1
2763 1
2764 1
2765 1
2766 1
2767 1
2768 1
2769 1
2770 1
2771 1
2772 1
2773 1
2774 1
2775 1
2776 1
2777 1
2778 1
2779 1
2780 1
2781 1
2782 1
2783 1
2784 1
2785 1
2786 1
2787 1
2788 1
2789 1
2790 1
2791 1
2792 1
2793 1
2794 1
2795 1
2796 1
2797 1
2798 1
2799 1
2800 1
2801 1
2802 1
2803 1
2804 1
2805 1
2806 1
2807 1
2808 1
2809 1
2810 1
2811 1
2812 1
2813 1
2814 1
2815 1
2816 1
2817 1
2818 1
2819 1
2820 1
2821 1
2822 1
2823 1
2824 1
2825 1
2826 1
2827 1
2828 1
2829 1
2830 1
2831 1
2832 1
2833 1
2834 1
2835 5
2836 5
2837 5
2838 5
2839 5
2840 5
2841 5
2842 5
2843 5
2844 5
2845 5
2846 5
2847 5
2848 5
2849 5
2850 5
2851 5
2852 5
2853 5
2854 5
2855 5
2856 2
2857 2
2858 2
2859 2
2860 2
2861 2
2862 2
2863 2
2864 2
2865 2
2866 2
2867 2
2868 2
2869 2
2870 2
2871 2
2872 2
2873 2
2874 2
2875 2
2876 2
2877 2
2878 2
2879 2
2880 2
2881 2
2882 2
2883 2
2884 2
2885 2
2886 2
2887 2
2888 2
2889 2
2890 2
2891 2
2892 2
2893 2
2894 2
2895 2
2896 2
2897 2
2898 2
2899 2
2900 2
2901 2
2902 2
2903 2
2904 2
2905 2
2906 2
2907 2
2908 2
2909 2
2910 2
2911 2
2912 2
2913 2
2914 2
2915 2
2916 2
2917 2
2918 2
2919 2
2920 2
2921 2
2922 2
2923 2
2924 2
2925 2
2926 2
2927 2
2928 2
2929 2
2930 2
2931 2
2932 2
2933 2
2934 2
2935 2
2936 2
2937 2
2938 2
2939 2
2940 2
2941 2
2942 2
2943 2
2944 2
2945 2
2946 2
2947 2
2948 2
2949 2
2950 2
2951 2
2952 2
2953 2
2954 2
2955 2
2956 2
2957 2
2958 2
2959 2
2960 2
2961 2
2962 2
2963 2
2964 2
2965 2
2966 2
2967 2
2968 2
2969 2
2970 2
2971 2
2972 2
2973 2
2974 2
2975 2
2976 2
2977 2
2978 2
2979 2
2980 2
2981 2
2982 2
2983 2
2984 2
2985 2
2986 2
2987 2
2988 2
2989 2
2990 2
2991 2
2992 2
2993 2
2994 2
2995 2
2996 2
2997 2
2998 2
2999 2
3000 2
3001 2
3002 2
3003 1
3004 1
3005 1
3006 1
3007 1
3008 1
3009 1
3010 1
3011 1
3012 1
3013 1
3014 1
3015 1
3016 1
3017 1
3018 1
3019 1
3020 1
3021 1
3022 1
3023 1
3024 1
3025 1
3026 1
3027 1
3028 1
3029 1
3030 1
3031 1
3032 1
3033 1
3034 1
3035 1
3036 1
3037 1
3038 1
3039 1
3040 1
3041 1
3042 1
3043 1
3044 1
3045 1
3046 1
3047 1
3048 1
3049 1
3050 1
3051 1
3052 1
3053 1
3054 1
3055 1
3056 1
3057 1
3058 1
3059 1
3060 1
3061 1
3062 1
3063 1
3064 1
3065 1
3066 1
3067 1
3068 1
3069 1
3070 1
3071 1
3072 1
3073 1
3074 1
3075 1
3076 1
3077 1
3078 1
3079 1
3080 1
3081 1
3082 1
3083 1
3084 1