1 0
2 0
3 0
4 0
5 0
6 0
7 0
8 0
9 0
10 0
11 0
12 0
13 0
14 0
15 0
16 0
17 0
18 0
19 0
20 0
21 4
22 4
23 4
24 4
25 4
26 4
27 4
28 4
29 4
30 4
31 4
32 4
33 4
34 4
35 4
36 4
37 4
38 4
39 4
40 4
41 4
42 4
43 4
44 4
45 4
46 4
47 4
48 4
49 4
50 4
51 4
52 4
53 4
54 4
55 4
56 4
57 4
58 4
59 4
60 4
61 4
62 4
63 4
64 4
65 4
66 4
67 4
68 4
69 4
70 4
71 4
72 4
73 4
74 4
75 4
76 4
77 4
78 4
79 4
80 4
81 4
82 4
83 4
84 4
85 4
86 4
87 4
88 4
89 4
90 4
91 4
92 4
93 4
94 4
95 4
96 4
97 4
98 4
99 4
100 4
101 4
102 4
103 4
104 4
105 4
106 4
107 4
108 4
109 4
110 4
111 4
112 4
113 4
114 4
115 4
116 4
117 4
118 4
119 4
120 4
121 4
122 4
123 4
124 4
125 4
126 4
127 4
128 4
129 4
130 4
131 4
132 4
133 4
134 4
135 4
136 4
137 4
138 4
139 4
140 4
141 4
142 4
143 4
144 4
145 4
146 4
147 4
148 4
149 4
150 4
151 4
152 4
153 4
154 4
155 4
156 4
157 4
158 4
159 4
160 4
161 4
162 4
163 4
164 4
165 4
166 4
167 4
168 4
169 4
170 4
171 4
172 4
173 4
174 4
175 4
176 4
177 4
178 4
179 4
180 4
181 4
182 4
183 4
184 4
185 4
186 4
187 4
188 4
189 4
190 4
191 4
192 4
193 4
194 4
195 4
196 4
197 4
198 4
199 4
200 4
201 4
202 4
203 4
204 4
205 4
206 4
207 4
208 4
209 4
210 4
211 4
212 4
213 4
214 4
215 4
216 4
217 4
218 4
219 4
220 4
221 4
222 4
223 4
224 4
225 4
226 4
227 4
228 4
229 4
230 4
231 4
232 4
233 4
234 4
235 4
236 4
237 4
238 4
239 4
240 4
241 4
242 4
243 4
244 4
245 4
246 4
247 4
248 4
249 4
250 4
251 4
252 1
253 1
254 1
255 1
256 1
257 1
258 1
259 1
260 1
261 1
262 1
263 1
264 1
265 1
266 1
267 1
268 1
269 1
270 1
271 1
272 1
273 1
274 1
275 1
276 1
277 1
278 1
279 1
280 1
281 1
282 1
283 1
284 1
285 1
286 1
287 1
288 1
289 1
290 1
291 1
292 1
293 1
294 1
295 1
296 1
297 1
298 1
299 1
300 1
301 1
302 1
303 1
304 1
305 1
306 1
307 1
308 1
309 1
310 1
311 1
312 1
313 1
314 1
315 1
316 1
317 1
318 1
319 1
320 1
321 1
322 1
323 1
324 1
325 1
326 1
327 1
328 1
329 1
330 1
331 1
332 1
333 1
334 1
335 1
336 1
337 1
338 1
339 1
340 1
341 1
342 1
343 1
344 1
345 1
346 1
347 1
348 1
349 1
350 1
351 1
352 1
353 1
354 1
355 1
356 1
357 1
358 1
359 1
360 1
361 1
362 1
363 1
364 1
365 1
366 1
367 1
368 1
369 1
370 1
371 1
372 1
373 1
374 1
375 1
376 1
377 1
378 1
379 1
380 1
381 1
382 1
383 1
384 1
385 1
386 1
387 1
388 1
389 1
390 1
391 1
392 1
393 1
394 1
395 1
396 1
397 1
398 1
399 1
400 1
401 1
402 1
403 1
404 1
405 1
406 1
407 1
408 1
409 1
410 1
411 1
412 1
413 1
414 1
415 1
416 1
417 1
418 1
419 1
420 1
421 1
422 1
423 1
424 1
425 1
426 1
427 1
428 1
429 1
430 1
431 1
432 1
433 1
434 1
435 1
436 1
437 1
438 1
439 1
440 1
441 2
442 2
443 2
444 2
445 2
446 2
447 2
448 2
449 2
450 2
451 2
452 2
453 2
454 2
455 2
456 2
457 2
458 2
459 2
460 2
461 2
462 2
463 2
464 2
465 2
466 2
467 2
468 2
469 2
470 2
471 2
472 2
473 2
474 2
475 2
476 2
477 2
478 2
479 2
480 2
481 2
482 2
483 2
484 2
485 2
486 2
487 2
488 2
489 2
490 2
491 2
492 2
493 2
494 2
495 2
496 2
497 2
498 2
499 2
500 2
501 2
502 2
503 2
504 2
505 2
506 2
507 2
508 2
509 2
510 2
511 2
512 2
513 2
514 2
515 2
516 2
517 2
518 2
519 2
520 2
521 2
522 2
523 2
524 2
525 2
526 2
527 2
528 2
529 2
530 2
531 2
532 2
533 2
534 2
535 2
536 2
537 2
538 2
539 2
540 2
541 2
542 2
543 2
544 2
545 2
546 2
547 2
548 2
549 2
550 2
551 2
552 2
553 2
554 2
555 2
556 2
557 2
558 2
559 2
560 2
561 2
562 2
563 2
564 2
565 2
566 2
567 3
568 3
569 3
570 3
571 3
572 3
573 3
574 3
575 3
576 3
577 3
578 3
579 3
580 3
581 3
582 3
583 3
584 3
585 3
586 3
587 3
588 5
589 5
590 5
591 5
592 5
593 5
594 5
595 5
596 5
597 5
598 5
599 5
600 5
601 5
602 5
603 5
604 5
605 5
606 5
607 5
608 5
609 5
610 5
611 5
612 5
613 5
614 5
615 5
616 5
617 5
618 5
619 5
620 5
621 5
622 5
623 5
624 5
625 5
626 5
627 5
628 5
629 5
630 5
631 5
632 5
633 5
634 5
635 5
636 5
637 5
638 5
639 5
640 5
641 5
642 5
643 5
644 5
645 5
646 5
647 5
648 5
649 5
650 5
651 5
652 5
653 5
654 5
655 5
656 5
657 5
658 5
659 5
660 5
661 5
662 5
663 5
664 5
665 5
666 5
667 5
668 5
669 5
670 5
671 5
672 5
673 5
674 5
675 5
676 5
677 5
678 5
679 5
680 5
681 5
682 5
683 5
684 5
685 5
686 5
687 5
688 5
689 5
690 5
691 5
692 5
693 5
694 5
695 5
696 5
697 5
698 5
699 5
700 5
701 5
702 5
703 5
704 5
705 5
706 5
707 5
708 5
709 5
710 5
711 5
712 5
713 5
714 5
715 5
716 5
717 5
718 5
719 5
720 5
721 5
722 5
723 5
724 5
725 5
726 5
727 5
728 5
729 5
730 5
731 5
732 5
733 5
734 5
735 5
736 5
737 5
738 5
739 5
740 5
741 5
742 5
743 5
744 5
745 5
746 5
747 5
748 5
749 5
750 5
751 5
752 5
753 5
754 5
755 5
756 5
757 5
758 5
759 5
760 5
761 5
762 5
763 5
764 5
765 5
766 5
767 5
768 5
769 5
770 5
771 5
772 5
773 5
774 5
775 5
776 5
777 1
778 1
779 1
780 1
781 1
782 1
783 1
784 1
785 1
786 1
787 1
788 1
789 1
790 1
791 1
792 1
793 1
794 1
795 1
796 1
797 1
798 1
799 1
800 1
801 1
802 1
803 1
804 1
805 1
806 1
807 1
808 1
809 1
810 1
811 1
812 1
813 1
814 1
815 1
816 1
817 1
818 1
819 1
820 1
821 1
822 1
823 1
824 1
825 1
826 1
827 1
828 1
829 1
830 1
831 1
832 1
833 1
834 1
835 1
836 1
837 1
838 1
839 1
840 1
841 1
842 1
843 1
844 1
845 1
846 1
847 1
848 1
849 1
850 1
851 1
852 1
853 1
854 1
855 1
856 1
857 1
858 1
859 1
860 1
861 1
862 1
863 1
864 1
865 1
866 1
867 1
868 1
869 1
870 1
871 1
872 1
873 1
874 1
875 1
876 1
877 1
878 1
879 1
880 1
881 1
882 1
883 1
884 1
885 1
886 1
887 1
888 1
889 1
890 1
891 1
892 1
893 1
894 1
895 1
896 1
897 1
898 1
899 1
900 1
901 1
902 1
903 1
904 1
905 1
906 1
907 1
908 1
909 1
910 1
911 1
912 1
913 1
914 1
915 1
916 1
917 1
918 1
919 1
920 1
921 1
922 1
923 1
924 1
925 1
926 1
927 1
928 1
929 1
930 1
931 1
932 1
933 1
934 1
935 1
936 1
937 1
938 1
939 1
940 1
941 1
942 1
943 1
944 1
945 1
946 1
947 1
948 1
949 1
950 1
951 1
952 1
953 1
954 1
955 1
956 1
957 1
958 1
959 1
960 1
961 1
962 1
963 1
964 1
965 1
966 1
967 1
968 1
969 1
970 1
971 1
972 1
973 1
974 1
975 1
976 1
977 1
978 1
979 1
980 1
981 1
982 1
983 1
984 1
985 1
986 1
987 1
988 1
989 1
990 1
991 1
992 1
993 1
994 1
995 1
996 1
997 1
998 1
999 1
1000 1
1001 1
1002 1
1003 1
1004 1
1005 1
1006 1
1007 1
1008 1
1009 1
1010 1
1011 1
1012 1
1013 1
1014 1
1015 1
1016 1
1017 1
1018 1
1019 1
1020 1
1021 1
1022 1
1023 1
1024 1
1025 1
1026 1
1027 1
1028 1
1029 1
1030 1
1031 1
1032 1
1033 1
1034 1
1035 1
1036 1
1037 1
1038 1
1039 1
1040 1
1041 1
1042 1
1043 1
1044 1
1045 1
1046 1
1047 1
1048 1
1049 1
1050 1
1051 1
1052 1
1053 1
1054 1
1055 1
1056 1
1057 1
1058 1
1059 1
1060 1
1061 1
1062 1
1063 1
1064 1
1065 1
1066 1
1067 1
1068 1
1069 1
1070 1
1071 1
1072 1
1073 1
1074 1
1075 1
1076 1
1077 1
1078 1
1079 1
1080 1
1081 1
1082 1
1083 1
1084 1
1085 1
1086 1
1087 1
1088 1
1089 1
1090 1
1091 1
1092 1
1093 1
1094 1
1095 1
1096 1
1097 1
1098 1
1099 1
1100 1
1101 1
1102 1
1103 1
1104 1
1105 1
1106 1
1107 1
1108 1
1109 1
1110 1
1111 1
1112 1
1113 1
1114 1
1115 1
1116 1
1117 1
1118 1
1119 1
1120 1
1121 1
1122 1
1123 1
1124 1
1125 1
1126 1
1127 1
1128 1
1129 1
1130 1
1131 1
1132 1
1133 1
1134 1
1135 1
1136 1
1137 1
1138 1
1139 1
1140 1
1141 1
1142 1
1143 1
1144 1
1145 1
1146 1
1147 1
1148 1
1149 1
1150 1
1151 1
1152 1
1153 1
1154 1
1155 1
1156 1
1157 1
1158 1
1159 1
1160 1
1161 1
1162 1
1163 1
1164 1
1165 1
1166 1
1167 1
1168 1
1169 1
1170 1
1171 1
1172 1
1173 1
1174 1
1175 1
1176 1
1177 1
1178 1
1179 1
1180 1
1181 1
1182 1
1183 1
1184 1
1185 1
1186 1
1187 1
1188 1
1189 1
1190 1
1191 1
1192 1
1193 1
1194 1
1195 1
1196 1
1197 1
1198 1
1199 1
1200 1
1201 1
1202 1
1203 1
1204 1
1205 1
1206 1
1207 1
1208 1
1209 1
1210 1
1211 1
1212 1
1213 1
1214 1
1215 1
1216 1
1217 1
1218 1
1219 1
1220 1
1221 1
1222 1
1223 1
1224 1
1225 1
1226 1
1227 1
1228 1
1229 1
1230 1
1231 1
1232 1
1233 1
1234 1
1235 1
1236 1
1237 1
1238 1
1239 1
1240 1
1241 1
1242 1
1243 1
1244 1
1245 1
1246 1
1247 1
1248 1
1249 1
1250 1
1251 1
1252 1
1253 1
1254 1
1255 1
1256 1
1257 1
1258 1
1259 1
1260 1
1261 1
1262 1
1263 1
1264 1
1265 1
1266 1
1267 1
1268 1
1269 1
1270 1
1271 1
1272 1
1273 1
1274 1
1275 1
1276 1
1277 1
1278 1
1279 1
1280 1
1281 1
1282 1
1283 1
1284 1
1285 1
1286 1
1287 1
1288 1
1289 1
1290 1
1291 1
1292 1
1293 1
1294 1
1295 1
1296 1
1297 1
1298 1
1299 1
1300 1
1301 1
1302 1
1303 1
1304 1
1305 1
1306 1
1307 1
1308 1
1309 1
1310 1
1311 1
1312 1
1313 1
1314 1
1315 1
1316 1
1317 1
1318 1
1319 1
1320 1
1321 1
1322 1
1323 5
1324 5
1325 5
1326 5
1327 5
1328 5
1329 5
1330 5
1331 5
1332 5
1333 5
1334 5
1335 5
1336 5
1337 5
1338 5
1339 5
1340 5
1341 5
1342 5
1343 5
1344 5
1345 5
1346 5
1347 5
1348 5
1349 5
1350 5
1351 5
1352 5
1353 5
1354 5
1355 5
1356 5
1357 5
1358 5
1359 5
1360 5
1361 5
1362 5
1363 5
1364 5
1365 5
1366 5
1367 5
1368 5
1369 5
1370 5
1371 5
1372 5
1373 5
1374 5
1375 5
1376 5
1377 5
1378 5
1379 5
1380 5
1381 5
1382 5
1383 5
1384 5
1385 5
1386 5
1387 5
1388 5
1389 5
1390 5
1391 5
1392 5
1393 5
1394 5
1395 5
1396 5
1397 5
1398 5
1399 5
1400 5
1401 5
1402 5
1403 5
1404 5
1405 5
1406 5
1407 5
1408 5
1409 5
1410 5
1411 5
1412 5
1413 5
1414 5
1415 5
1416 5
1417 5
1418 5
1419 5
1420 5
1421 5
1422 5
1423 5
1424 5
1425 5
1426 5
1427 5
1428 5
1429 5
1430 5
1431 5
1432 5
1433 5
1434 5
1435 5
1436 5
1437 5
1438 5
1439 5
1440 5
1441 5
1442 5
1443 5
1444 5
1445 5
1446 5
1447 5
1448 5
1449 5
1450 5
1451 5
1452 5
1453 5
1454 5
1455 5
1456 5
1457 5
1458 5
1459 5
1460 5
1461 5
1462 5
1463 5
1464 5
1465 5
1466 5
1467 5
1468 5
1469 5
1470 5
1471 5
1472 5
1473 5
1474 5
1475 5
1476 5
1477 5
1478 5
1479 5
1480 5
1481 5
1482 5
1483 5
1484 5
1485 5
1486 5
1487 5
1488 5
1489 5
1490 5
1491 5
1492 5
1493 5
1494 5
1495 5
1496 5
1497 5
1498 5
1499 5
1500 5
1501 5
1502 5
1503 5
1504 5
1505 5
1506 5
1507 5
1508 5
1509 5
1510 5
1511 5
1512 5
1513 5
1514 5
1515 5
1516 5
1517 5
1518 5
1519 5
1520 5
1521 5
1522 5
1523 5
1524 5
1525 5
1526 5
1527 5
1528 5
1529 5
1530 5
1531 5
1532 5
1533 5
1534 5
1535 5
1536 5
1537 5
1538 5
1539 5
1540 5
1541 5
1542 5
1543 5
1544 5
1545 5
1546 5
1547 5
1548 5
1549 5
1550 5
1551 5
1552 5
1553 5
1554 5
1555 5
1556 5
1557 5
1558 5
1559 5
1560 5
1561 5
1562 5
1563 5
1564 5
1565 5
1566 5
1567 5
1568 5
1569 5
1570 5
1571 5
1572 5
1573 5
1574 5
1575 1
1576 1
1577 1
1578 1
1579 1
1580 1
1581 1
1582 1
1583 1
1584 1
1585 1
1586 1
1587 1
1588 1
1589 1
1590 1
1591 1
1592 1
1593 1
1594 1
1595 1
1596 1
1597 1
1598 1
1599 1
1600 1
1601 1
1602 1
1603 1
1604 1
1605 1
1606 1
1607 1
1608 1
1609 1
1610 1
1611 1
1612 1
1613 1
1614 1
1615 1
1616 1
1617 1
1618 1
1619 1
1620 1
1621 1
1622 1
1623 1
1624 1
1625 1
1626 1
1627 1
1628 1
1629 1
1630 1
1631 1
1632 1
1633 1
1634 1
1635 1
1636 1
1637 1
1638 1
1639 1
1640 1
1641 1
1642 1
1643 1
1644 1
1645 1
1646 1
1647 1
1648 1
1649 1
1650 1
1651 1
1652 1
1653 1
1654 1
1655 1
1656 1
1657 1
1658 1
1659 1
1660 1
1661 1
1662 1
1663 1
1664 1
1665 1
1666 1
1667 1
1668 1
1669 1
1670 1
1671 1
1672 1
1673 1
1674 1
1675 1
1676 1
1677 1
1678 1
1679 1
1680 1
1681 1
1682 1
1683 1
1684 1
1685 1
1686 1
1687 1
1688 1
1689 1
1690 1
1691 1
1692 1
1693 1
1694 1
1695 1
1696 1
1697 1
1698 1
1699 1
1700 1
1701 1
1702 1
1703 1
1704 1
1705 1
1706 1
1707 1
1708 1
1709 1
1710 1
1711 1
1712 1
1713 1
1714 1
1715 1
1716 1
1717 1
1718 1
1719 1
1720 1
1721 1
1722 1
1723 1
1724 1
1725 1
1726 1
1727 1
1728 1
1729 1
1730 1
1731 1
1732 1
1733 1
1734 1
1735 1
1736 1
1737 1
1738 1
1739 1
1740 1
1741 1
1742 1
1743 2
1744 2
1745 2
1746 2
1747 2
1748 2
1749 2
1750 2
1751 2
1752 2
1753 2
1754 2
1755 2
1756 2
1757 2
1758 2
1759 2
1760 2
1761 2
1762 2
1763 2
1764 3
1765 3
1766 3
1767 3
1768 3
1769 3
1770 3
1771 3
1772 3
1773 3
1774 3
1775 3
1776 3
1777 3
1778 3
1779 3
1780 3
1781 3
1782 3
1783 3
1784 3
1785 3
1786 3
1787 3
1788 3
1789 3
1790 3
1791 3
1792 3
1793 3
1794 3
1795 3
1796 3
1797 3
1798 3
1799 3
1800 3
1801 3
1802 3
1803 3
1804 3
1805 3
1806 3
1807 3
1808 3
1809 3
1810 3
1811 3
1812 3
1813 3
1814 3
1815 3
1816 3
1817 3
1818 3
1819 3
1820 3
1821 3
1822 3
1823 3
1824 3
1825 3
1826 3
1827 3
1828 3
1829 3
1830 3
1831 3
1832 3
1833 3
1834 3
1835 3
1836 3
1837 3
1838 3
1839 3
1840 3
1841 3
1842 3
1843 3
1844 3
1845 3
1846 3
1847 3
1848 3
1849 3
1850 3
1851 3
1852 3
1853 3
1854 3
1855 3
1856 3
1857 3
1858 3
1859 3
1860 3
1861 3
1862 3
1863 3
1864 3
1865 3
1866 3
1867 3
1868 3
1869 3
1870 3
1871 3
1872 3
1873 3
1874 3
1875 3
1876 3
1877 3
1878 3
1879 3
1880 3
1881 3
1882 3
1883 3
1884 3
1885 3
1886 3
1887 3
1888 3
1889 3
1890 3
1891 3
1892 3
1893 3
1894 3
1895 3
1896 3
1897 3
1898 3
1899 3
1900 3
1901 3
1902 3
1903 3
1904 3
1905 3
1906 3
1907 3
1908 3
1909 3
1910 3
1911 3
1912 3
1913 3
1914 3
1915 3
1916 3
1917 3
1918 3
1919 3
1920 3
1921 3
1922 3
1923 3
1924 3
1925 3
1926 3
1927 3
1928 3
1929 3
1930 3
1931 3
1932 3
1933 3
1934 3
1935 3
1936 3
1937 3
1938 3
1939 3
1940 3
1941 3
1942 3
1943 3
1944 3
1945 3
1946 3
1947 3
1948 3
1949 3
1950 3
1951 3
1952 3
1953 3
1954 3
1955 3
1956 3
1957 3
1958 3
1959 3
1960 3
1961 3
1962 3
1963 3
1964 3
1965 3
1966 3
1967 3
1968 3
1969 3
1970 3
1971 3
1972 3
1973 3
1974 3
1975 3
1976 3
1977 3
1978 3
1979 3
1980 3
1981 3
1982 3
1983 3
1984 3
1985 3
1986 3
1987 3
1988 3
1989 3
1990 3
1991 3
1992 3
1993 3
1994 3
1995 3
1996 3
1997 3
1998 3
1999 3
2000 3
2001 3
2002 3
2003 3
2004 3
2005 3
2006 3
2007 3
2008 3
2009 3
2010 3
2011 3
2012 3
2013 3
2014 3
2015 3
2016 3
2017 3
2018 3
2019 3
2020 3
2021 3
2022 3
2023 3
2024 3
2025 3
2026 3
2027 3
2028 3
2029 3
2030 3
2031 3
2032 3
2033 3
2034 3
2035 3
2036 3
2037 3
2038 3
2039 3
2040 3
2041 3
2042 3
2043 3
2044 3
2045 3
2046 3
2047 3
2048 3
2049 3
2050 3
2051 3
2052 3
2053 3
2054 3
2055 3
2056 3
2057 3
2058 3
2059 3
2060 3
2061 3
2062 3
2063 3
2064 3
2065 3
2066 3
2067 3
2068 3
2069 3
2070 3
2071 3
2072 3
2073 3
2074 3
2075 3
2076 3
2077 3
2078 3
2079 1
2080 1
2081 1
2082 1
2083 1
2084 1
2085 1
2086 1
2087 1
2088 1
2089 1
2090 1
2091 1
2092 1
2093 1
2094 1
2095 1
2096 1
2097 1
2098 1
2099 1
2100 2
2101 2
2102 2
2103 2
2104 2
2105 2
2106 2
2107 2
2108 2
2109 2
2110 2
2111 2
2112 2
2113 2
2114 2
2115 2
2116 2
2117 2
2118 2
2119 2
2120 2
2121 2
2122 2
2123 2
2124 2
2125 2
2126 2
2127 2
2128 2
2129 2
2130 2
2131 2
2132 2
2133 2
2134 2
2135 2
2136 2
2137 2
2138 2
2139 2
2140 2
2141 2
2142 3
2143 3
2144 3
2145 3
2146 3
2147 3
2148 3
2149 3
2150 3
2151 3
2152 3
2153 3
2154 3
2155 3
2156 3
2157 3
2158 3
2159 3
2160 3
2161 3
2162 3
2163 3
2164 3
2165 3
2166 3
2167 3
2168 3
2169 3
2170 3
2171 3
2172 3
2173 3
2174 3
2175 3
2176 3
2177 3
2178 3
2179 3
2180 3
2181 3
2182 3
2183 3
2184 3
2185 3
2186 3
2187 3
2188 3
2189 3
2190 3
2191 3
2192 3
2193 3
2194 3
2195 3
2196 3
2197 3
2198 3
2199 3
2200 3
2201 3
2202 3
2203 3
2204 3
2205 3
2206 3
2207 3
2208 3
2209 3
2210 3
2211 3
2212 3
2213 3
2214 3
2215 3
2216 3
2217 3
2218 3
2219 3
2220 3
2221 3
2222 3
2223 3
2224 3
2225 3
2226 3
2227 3
2228 3
2229 3
2230 3
2231 3
2232 3
2233 3
2234 3
2235 3
2236 3
2237 3
2238 3
2239 3
2240 3
2241 3
2242 3
2243 3
2244 3
2245 3
2246 3
2247 3
2248 3
2249 3
2250 3
2251 3
2252 3
2253 3
2254 3
2255 3
2256 3
2257 3
2258 3
2259 3
2260 3
2261 3
2262 3
2263 3
2264 3
2265 3
2266 3
2267 3
2268 3
2269 3
2270 3
2271 3
2272 3
2273 3
2274 3
2275 3
2276 3
2277 3
2278 3
2279 3
2280 3
2281 3
2282 3
2283 3
2284 3
2285 3
2286 3
2287 3
2288 3
2289 3
2290 3
2291 3
2292 3
2293 3
2294 3
2295 3
2296 3
2297 3
2298 3
2299 3
2300 3
2301 3
2302 3
2303 3
2304 3
2305 3
2306 3
2307 3
2308 3
2309 3
2310 3
2311 3
2312 3
2313 3
2314 3
2315 3
2316 3
2317 3
2318 3
2319 3
2320 3
2321 3
2322 3
2323 3
2324 3
2325 3
2326 3
2327 3
2328 3
2329 3
2330 3
2331 3
2332 3
2333 3
2334 3
2335 3
2336 3
2337 3
2338 3
2339 3
2340 3
2341 3
2342 3
2343 3
2344 3
2345 3
2346 3
2347 3
2348 3
2349 3
2350 3
2351 3
2352 3
2353 3
2354 3
2355 3
2356 3
2357 3
2358 3
2359 3
2360 3
2361 3
2362 3
2363 3
2364 3
2365 3
2366 3
2367 3
2368 3
2369 3
2370 3
2371 3
2372 3
2373 3
2374 3
2375 3
2376 3
2377 3
2378 3
2379 3
2380 3
2381 3
2382 3
2383 3
2384 3
2385 3
2386 3
2387 3
2388 3
2389 3
2390 3
2391 3
2392 3
2393 3
2394 3
2395 3
2396 3
2397 3
2398 3
2399 3
2400 3
2401 3
2402 3
2403 3
2404 3
2405 3
2406 3
2407 3
2408 3
2409 3
2410 3
2411 3
2412 3
2413 3
2414 3
2415 3
2416 3
2417 3
2418 3
2419 3
2420 3
2421 3
2422 3
2423 3
2424 3
2425 3
2426 3
2427 3
2428 3
2429 3
2430 3
2431 3
2432 3
2433 3
2434 3
2435 3
2436 3
2437 3
2438 3
2439 3
2440 3
2441 3
2442 3
2443 3
2444 3
2445 3
2446 3
2447 3
2448 3
2449 3
2450 3
2451 3
2452 3
2453 3
2454 3
2455 3
2456 3
2457 3
2458 3
2459 3
2460 3
2461 3
2462 3
2463 3
2464 3
2465 3
2466 3
2467 3
2468 3
2469 3
2470 3
2471 3
2472 3
2473 3
2474 3
2475 3
2476 3
2477 3
2478 3
2479 3
2480 3
2481 3
2482 3
2483 3
2484 3
2485 3
2486 3
2487 3
2488 3
2489 3
2490 3
2491 3
2492 3
2493 3
2494 3
2495 3
2496 3
2497 3
2498 3
2499 3
2500 3
2501 3
2502 3
2503 3
2504 3
2505 3
2506 3
2507 3
2508 3
2509 3
2510 3
2511 3
2512 3
2513 3
2514 3
2515 3
2516 3
2517 3
2518 3
2519 3
2520 3
2521 3
2522 3
2523 3
2524 3
2525 3
2526 3
2527 3
2528 3
2529 3
2530 3
2531 3
2532 3
2533 3
2534 3
2535 3
2536 3
2537 3
2538 3
2539 3
2540 3
2541 3
2542 3
2543 3
2544 3
2545 3
2546 3
2547 3
2548 3
2549 3
2550 3
2551 3
2552 3
2553 3
2554 3
2555 3
2556 3
2557 3
2558 3
2559 3
2560 3
2561 3
2562 3
2563 3
2564 3
2565 3
2566 3
2567 3
2568 3
2569 3
2570 3
2571 3
2572 3
2573 3
2574 3
2575 3
2576 3
2577 3
2578 3
2579 3
2580 3
2581 3
2582 3
2583 3
2584 3
2585 3
2586 3
2587 3
2588 3
2589 3
2590 3
2591 3
2592 3
2593 3
2594 3
2595 3
2596 3
2597 3
2598 3
2599 3
2600 3
2601 3
2602 3
2603 3
2604 3
2605 3
2606 3
2607 3
2608 3
2609 3
2610 3
2611 3
2612 3
2613 3
2614 3
2615 3
2616 3
2617 3
2618 3
2619 3
2620 3
2621 3
2622 3
2623 3
2624 3
2625 3
2626 3
2627 3
2628 3
2629 3
2630 3
2631 3
2632 3
2633 3
2634 3
2635 3
2636 3
2637 3
2638 3
2639 3
2640 3
2641 3
2642 3
2643 3
2644 3
2645 3
2646 3
2647 3
2648 3
2649 3
2650 3
2651 3
2652 3
2653 3
2654 3
2655 3
2656 3
2657 3
2658 3
2659 3
2660 3
2661 3
2662 3
2663 3
2664 3
2665 3
2666 3
2667 3
2668 3
2669 3
2670 3
2671 3
2672 3
2673 3
2674 3
2675 3
2676 3
2677 3
2678 3
2679 3
2680 3
2681 3
2682 3
2683 3
2684 3
2685 3
2686 3
2687 3
2688 1
2689 1
2690 1
2691 1
2692 1
2693 1
2694 1
2695 1
2696 1
2697 1
2698 1
2699 1
2700 1
2701 1
2702 1
2703 1
2704 1
2705 1
2706 1
2707 1
2708 1
2709 1
2710 1
2711 1
2712 1
2713 1
2714 1
2715 1
2716 1
2717 1
2718 1
2719 1
2720 1
2721 1
2722 1
2723 1
2724 1
2725 1
2726 1
2727 1
2728 1
2729 1
2730 1
2731 1
2732 1
2733 1
2734 1
2735 1
2736 1
2737 1
2738 1
2739 1
2740 1
2741 1
2742 1
2743 1
2744 1
2745 1
2746 1
2747 1
2748 1
2749 1
2750 1
2751 1
2752 1
2753 1
2754 1
2755 1
2756 1
2757 1
2758 1
2759 1
2760 1
2761 1
2762 1
2763 1
2764 1
2765 1
2766 1
2767 1
2768 1
2769 1
2770 1
2771 1
2772 1
2773 1
2774 1
2775 1
2776 1
2777 1
2778 1
2779 1
2780 1
2781 1
2782 1
2783 1
2784 1
2785 1
2786 1
2787 1
2788 1
2789 1
2790 1
2791 1
2792 1
2793 1
2794 1
2795 1
2796 1
2797 1
2798 1
2799 1
2800 1
2801 1
2802 1
2803 1
2804 1
2805 1
2806 1
2807 1
2808 1
2809 1
2810 1
2811 1
2812 1
2813 1
2814 1
2815 1
2816 1
2817 1
2818 1
2819 1
2820 1
2821 1
2822 1
2823 1
2824 1
2825 1
2826 1
2827 1
2828 1
2829 1
2830 1
2831 1
2832 1
2833 1
2834 1
2835 1
2836 1
2837 1
2838 1
2839 1
2840 1
2841 1
2842 1
2843 1
2844 1
2845 1
2846 1
2847 1
2848 1
2849 1
2850 1
2851 1
2852 1
2853 1
2854 1
2855 1
2856 1
2857 1
2858 1
2859 1
2860 1
2861 1
2862 1
2863 1
2864 1
2865 1
2866 1
2867 1
2868 1
2869 1
2870 1
2871 1
2872 1
2873 1
2874 1
2875 1
2876 1
2877 1
2878 1
2879 1
2880 1
2881 1
2882 1
2883 1
2884 1
2885 1
2886 1
2887 1
2888 1
2889 1
2890 1
2891 1
2892 1
2893 1
2894 1
2895 1
2896 1
2897 1
2898 1
2899 1
2900 1
2901 1
2902 1
2903 1
2904 1
2905 1
2906 1
2907 1
2908 1
2909 1
2910 1
2911 1
2912 1
2913 1
2914 1
2915 1
2916 1
2917 1
2918 1
2919 1
2920 1
2921 1
2922 1
2923 1
2924 1
2925 1
2926 1
2927 1
2928 1
2929 1
2930 1
2931 1
2932 1
2933 1
2934 1
2935 1
2936 1
2937 1
2938 1
2939 1
2940 1
2941 1
2942 1
2943 1
2944 1
2945 1
2946 1
2947 1
2948 1
2949 1
2950 1
2951 1
2952 1
2953 1
2954 1
2955 1
2956 1
2957 1
2958 1
2959 1
2960 1
2961 1
2962 1
2963 1
2964 1
2965 1
2966 1
2967 1
2968 1
2969 1
2970 1
2971 1
2972 1
2973 1
2974 1
2975 1
2976 1
2977 1
2978 1
2979 1
2980 1
2981 1
2982 1
2983 1
2984 1
2985 1
2986 1
2987 1
2988 1
2989 1
2990 1
2991 1
2992 1
2993 1
2994 1
2995 1
2996 1
2997 1
2998 1
2999 1
3000 1
3001 1
3002 1
3003 1
3004 1
3005 1
3006 1
3007 1
3008 1
3009 1
3010 1
3011 1
3012 1
3013 1
3014 1
3015 1
3016 1
3017 1
3018 1
3019 1
3020 1
3021 1
3022 1
3023 1
3024 2
3025 2
3026 2
3027 2
3028 2
3029 2
3030 2
3031 2
3032 2
3033 2
3034 2
3035 2
3036 2
3037 2
3038 2
3039 2
3040 2
3041 2
3042 2
3043 2
3044 2
3045 2
3046 2
3047 2
3048 2
3049 2
3050 2
3051 2
3052 2
3053 2
3054 2
3055 2
3056 2
3057 2
3058 2
3059 2
3060 2
3061 2
3062 2
3063 2
3064 2
3065 2
3066 2
3067 2
3068 2
3069 2
3070 2
3071 2
3072 2
3073 2
3074 2
3075 2
3076 2
3077 2
3078 2
3079 2
3080 2
3081 2
3082 2
3083 2
3084 2