8152 1
16802 1
20008 1
21202 1
23653 1
26054 1
29102 1
30901 1
33401 5
39652 1
43703 2
44651 4
47352 2
49403 3
50703 3
53501 2
56151 5
59903 2
62903 4
65151 2
72152 2
75202 2
76302 3
77058 2
77451 2
78153 2
80452 2
87251 3
91502 3
93952 2
95503 3
97202 5
98802 2
100252 3
102354 1
103604 2
104552 4
105552 1
106453 3
107751 3
108505 3
109607 3
109908 3
111305 2
113554 2
114754 3
115801 2
117560 2
119201 3
123155 3
128503 3
129802 4
131202 4
133152 3
133701 4
135051 4
137352 4
141201 4
142606 3
144057 4
145351 4
147057 4
149452 4
150351 4
152152 4
153452 5
154155 4
154609 1
155361 1
155957 1
157305 4
158752 4
159606 1
