5252 1
8502 1
15151 1
21051 1
23852 1
30701 1
34605 4
36454 1
37951 4
39601 1
42754 2
49801 2
53103 4
55255 2
58705 4
60353 2
62253 2
66901 5
69101 5
71601 5
74657 4
76158 3
76551 2
76854 2
77154 4
77502 1
79403 1
80902 2
83154 3
86656 5
89451 5
91205 3
92805 3
94602 3
96001 4
97854 3
99254 3
100504 3
102651 3
107104 4
110753 3
114553 3
116901 3
117902 1
121804 4
124904 2
128551 4
135203 4
137054 4
138302 4
138655 2
139103 2
140603 4
142102 4
142956 4
145452 4
147705 2
148704 4
152901 4
153304 4
154453 4
156352 5
157851 5
159151 5
