1 0
2 0
3 0
4 0
5 0
6 0
7 0
8 0
9 0
10 0
11 0
12 0
13 0
14 0
15 0
16 0
17 0
18 0
19 0
20 0
21 5
22 5
23 5
24 5
25 5
26 5
27 5
28 5
29 5
30 5
31 5
32 5
33 5
34 5
35 5
36 5
37 5
38 5
39 5
40 5
41 5
42 5
43 5
44 5
45 5
46 5
47 5
48 5
49 5
50 5
51 5
52 5
53 5
54 5
55 5
56 5
57 5
58 5
59 5
60 5
61 5
62 5
63 5
64 5
65 5
66 5
67 5
68 5
69 5
70 5
71 5
72 5
73 5
74 5
75 5
76 5
77 5
78 5
79 5
80 5
81 5
82 5
83 5
84 1
85 1
86 1
87 1
88 1
89 1
90 1
91 1
92 1
93 1
94 1
95 1
96 1
97 1
98 1
99 1
100 1
101 1
102 1
103 1
104 1
105 1
106 1
107 1
108 1
109 1
110 1
111 1
112 1
113 1
114 1
115 1
116 1
117 1
118 1
119 1
120 1
121 1
122 1
123 1
124 1
125 1
126 1
127 1
128 1
129 1
130 1
131 1
132 1
133 1
134 1
135 1
136 1
137 1
138 1
139 1
140 1
141 1
142 1
143 1
144 1
145 1
146 1
147 1
148 1
149 1
150 1
151 1
152 1
153 1
154 1
155 1
156 1
157 1
158 1
159 1
160 1
161 1
162 1
163 1
164 1
165 1
166 1
167 1
168 1
169 1
170 1
171 1
172 1
173 1
174 1
175 1
176 1
177 1
178 1
179 1
180 1
181 1
182 1
183 1
184 1
185 1
186 1
187 1
188 1
189 1
190 1
191 1
192 1
193 1
194 1
195 1
196 1
197 1
198 1
199 1
200 1
201 1
202 1
203 1
204 1
205 1
206 1
207 1
208 1
209 1
210 1
211 1
212 1
213 1
214 1
215 1
216 1
217 1
218 1
219 1
220 1
221 1
222 1
223 1
224 1
225 1
226 1
227 1
228 1
229 1
230 1
231 1
232 1
233 1
234 1
235 1
236 1
237 1
238 1
239 1
240 1
241 1
242 1
243 1
244 1
245 1
246 1
247 1
248 1
249 1
250 1
251 1
252 1
253 1
254 1
255 1
256 1
257 1
258 1
259 1
260 1
261 1
262 1
263 1
264 1
265 1
266 1
267 1
268 1
269 1
270 1
271 1
272 1
273 1
274 1
275 1
276 1
277 1
278 1
279 1
280 1
281 1
282 1
283 1
284 1
285 1
286 1
287 1
288 1
289 1
290 1
291 1
292 1
293 1
294 1
295 1
296 1
297 1
298 1
299 1
300 1
301 1
302 1
303 1
304 1
305 1
306 1
307 1
308 1
309 1
310 1
311 1
312 1
313 1
314 1
315 1
316 1
317 1
318 1
319 1
320 1
321 1
322 1
323 1
324 1
325 1
326 1
327 1
328 1
329 1
330 1
331 1
332 1
333 1
334 1
335 1
336 1
337 1
338 1
339 1
340 1
341 1
342 1
343 1
344 1
345 1
346 1
347 1
348 1
349 1
350 1
351 1
352 1
353 1
354 1
355 1
356 1
357 1
358 1
359 1
360 1
361 1
362 1
363 1
364 1
365 1
366 1
367 1
368 1
369 1
370 1
371 1
372 1
373 1
374 1
375 1
376 1
377 1
378 1
379 1
380 1
381 1
382 1
383 1
384 1
385 1
386 1
387 1
388 1
389 1
390 1
391 1
392 1
393 1
394 1
395 1
396 1
397 1
398 1
399 1
400 1
401 1
402 1
403 1
404 1
405 1
406 1
407 1
408 1
409 1
410 1
411 1
412 1
413 1
414 1
415 1
416 1
417 1
418 1
419 1
420 1
421 1
422 1
423 1
424 1
425 1
426 1
427 1
428 1
429 1
430 1
431 1
432 1
433 1
434 1
435 1
436 1
437 1
438 1
439 1
440 1
441 1
442 1
443 1
444 1
445 1
446 1
447 1
448 1
449 1
450 1
451 1
452 1
453 1
454 1
455 1
456 1
457 1
458 1
459 1
460 1
461 1
462 1
463 1
464 1
465 1
466 1
467 1
468 1
469 1
470 1
471 1
472 1
473 1
474 1
475 1
476 1
477 1
478 1
479 1
480 1
481 1
482 1
483 1
484 1
485 1
486 1
487 1
488 1
489 1
490 1
491 1
492 1
493 1
494 1
495 1
496 1
497 1
498 1
499 1
500 1
501 1
502 1
503 1
504 1
505 1
506 1
507 1
508 1
509 1
510 1
511 1
512 1
513 1
514 1
515 1
516 1
517 1
518 1
519 1
520 1
521 1
522 1
523 1
524 1
525 1
526 1
527 1
528 1
529 1
530 1
531 1
532 1
533 1
534 1
535 1
536 1
537 1
538 1
539 1
540 1
541 1
542 1
543 1
544 1
545 1
546 1
547 1
548 1
549 1
550 1
551 1
552 1
553 1
554 1
555 1
556 1
557 1
558 1
559 1
560 1
561 1
562 1
563 1
564 1
565 1
566 1
567 1
568 1
569 1
570 1
571 1
572 1
573 1
574 1
575 1
576 1
577 1
578 1
579 1
580 1
581 1
582 1
583 1
584 1
585 1
586 1
587 1
588 1
589 1
590 1
591 1
592 1
593 1
594 1
595 1
596 1
597 1
598 1
599 1
600 1
601 1
602 1
603 1
604 1
605 1
606 1
607 1
608 1
609 1
610 1
611 1
612 1
613 1
614 1
615 1
616 1
617 1
618 1
619 1
620 1
621 1
622 1
623 1
624 1
625 1
626 1
627 1
628 1
629 1
630 1
631 1
632 1
633 1
634 1
635 1
636 1
637 1
638 1
639 1
640 1
641 1
642 1
643 1
644 1
645 1
646 1
647 1
648 1
649 1
650 1
651 1
652 1
653 1
654 1
655 1
656 1
657 1
658 1
659 1
660 1
661 1
662 1
663 1
664 1
665 1
666 1
667 1
668 1
669 1
670 1
671 1
672 1
673 1
674 1
675 1
676 1
677 1
678 1
679 1
680 1
681 1
682 1
683 1
684 1
685 1
686 1
687 1
688 1
689 1
690 1
691 1
692 1
693 1
694 1
695 1
696 1
697 1
698 1
699 1
700 1
701 1
702 1
703 1
704 1
705 1
706 1
707 1
708 1
709 1
710 1
711 1
712 1
713 1
714 1
715 1
716 1
717 1
718 1
719 1
720 1
721 1
722 1
723 1
724 1
725 1
726 1
727 1
728 1
729 1
730 1
731 1
732 1
733 1
734 1
735 1
736 1
737 1
738 1
739 1
740 1
741 1
742 1
743 1
744 1
745 1
746 1
747 1
748 1
749 1
750 1
751 1
752 1
753 1
754 1
755 1
756 1
757 1
758 1
759 1
760 1
761 1
762 1
763 1
764 1
765 1
766 1
767 1
768 1
769 1
770 1
771 1
772 1
773 1
774 1
775 1
776 1
777 1
778 1
779 1
780 1
781 1
782 1
783 1
784 1
785 1
786 1
787 1
788 1
789 1
790 1
791 1
792 1
793 1
794 1
795 1
796 1
797 1
798 2
799 2
800 2
801 2
802 2
803 2
804 2
805 2
806 2
807 2
808 2
809 2
810 2
811 2
812 2
813 2
814 2
815 2
816 2
817 2
818 2
819 2
820 2
821 2
822 2
823 2
824 2
825 2
826 2
827 2
828 2
829 2
830 2
831 2
832 2
833 2
834 2
835 2
836 2
837 2
838 2
839 2
840 2
841 2
842 2
843 2
844 2
845 2
846 2
847 2
848 2
849 2
850 2
851 2
852 2
853 2
854 2
855 2
856 2
857 2
858 2
859 2
860 2
861 2
862 2
863 2
864 2
865 2
866 2
867 2
868 2
869 2
870 2
871 2
872 2
873 2
874 2
875 2
876 2
877 2
878 2
879 2
880 2
881 2
882 2
883 2
884 2
885 2
886 2
887 2
888 2
889 2
890 2
891 2
892 2
893 2
894 2
895 2
896 2
897 2
898 2
899 2
900 2
901 2
902 2
903 2
904 2
905 2
906 2
907 2
908 2
909 2
910 2
911 2
912 2
913 2
914 2
915 2
916 2
917 2
918 2
919 2
920 2
921 2
922 2
923 2
924 2
925 2
926 2
927 2
928 2
929 2
930 2
931 2
932 2
933 2
934 2
935 2
936 2
937 2
938 2
939 2
940 2
941 2
942 2
943 2
944 2
945 2
946 2
947 2
948 2
949 2
950 2
951 2
952 2
953 2
954 2
955 2
956 2
957 2
958 2
959 2
960 2
961 2
962 2
963 2
964 2
965 2
966 2
967 2
968 2
969 2
970 2
971 2
972 2
973 2
974 2
975 2
976 2
977 2
978 2
979 2
980 2
981 2
982 2
983 2
984 2
985 2
986 2
987 2
988 2
989 2
990 2
991 2
992 2
993 2
994 2
995 2
996 2
997 2
998 2
999 2
1000 2
1001 2
1002 2
1003 2
1004 2
1005 2
1006 2
1007 2
1008 2
1009 2
1010 2
1011 2
1012 2
1013 2
1014 2
1015 2
1016 2
1017 2
1018 2
1019 2
1020 2
1021 2
1022 2
1023 2
1024 2
1025 2
1026 2
1027 2
1028 2
1029 2
1030 2
1031 2
1032 2
1033 2
1034 2
1035 2
1036 2
1037 2
1038 2
1039 2
1040 2
1041 2
1042 2
1043 2
1044 2
1045 2
1046 2
1047 2
1048 2
1049 2
1050 2
1051 2
1052 2
1053 2
1054 2
1055 2
1056 2
1057 2
1058 2
1059 2
1060 2
1061 2
1062 2
1063 2
1064 2
1065 2
1066 2
1067 2
1068 2
1069 2
1070 2
1071 2
1072 2
1073 2
1074 2
1075 2
1076 2
1077 2
1078 2
1079 2
1080 2
1081 2
1082 2
1083 2
1084 2
1085 2
1086 2
1087 2
1088 2
1089 2
1090 2
1091 2
1092 2
1093 2
1094 2
1095 2
1096 2
1097 2
1098 2
1099 2
1100 2
1101 2
1102 2
1103 2
1104 2
1105 2
1106 2
1107 2
1108 2
1109 2
1110 2
1111 2
1112 2
1113 2
1114 2
1115 2
1116 2
1117 2
1118 2
1119 2
1120 2
1121 2
1122 2
1123 2
1124 2
1125 2
1126 2
1127 2
1128 2
1129 2
1130 2
1131 2
1132 2
1133 2
1134 2
1135 2
1136 2
1137 2
1138 2
1139 2
1140 2
1141 2
1142 2
1143 2
1144 2
1145 2
1146 2
1147 2
1148 2
1149 2
1150 2
1151 2
1152 2
1153 2
1154 2
1155 5
1156 5
1157 5
1158 5
1159 5
1160 5
1161 5
1162 5
1163 5
1164 5
1165 5
1166 5
1167 5
1168 5
1169 5
1170 5
1171 5
1172 5
1173 5
1174 5
1175 5
1176 5
1177 5
1178 5
1179 5
1180 5
1181 5
1182 5
1183 5
1184 5
1185 5
1186 5
1187 5
1188 5
1189 5
1190 5
1191 5
1192 5
1193 5
1194 5
1195 5
1196 5
1197 5
1198 5
1199 5
1200 5
1201 5
1202 5
1203 5
1204 5
1205 5
1206 5
1207 5
1208 5
1209 5
1210 5
1211 5
1212 5
1213 5
1214 5
1215 5
1216 5
1217 5
1218 5
1219 5
1220 5
1221 5
1222 5
1223 5
1224 5
1225 5
1226 5
1227 5
1228 5
1229 5
1230 5
1231 5
1232 5
1233 5
1234 5
1235 5
1236 5
1237 5
1238 5
1239 2
1240 2
1241 2
1242 2
1243 2
1244 2
1245 2
1246 2
1247 2
1248 2
1249 2
1250 2
1251 2
1252 2
1253 2
1254 2
1255 2
1256 2
1257 2
1258 2
1259 2
1260 2
1261 2
1262 2
1263 2
1264 2
1265 2
1266 2
1267 2
1268 2
1269 2
1270 2
1271 2
1272 2
1273 2
1274 2
1275 2
1276 2
1277 2
1278 2
1279 2
1280 2
1281 1
1282 1
1283 1
1284 1
1285 1
1286 1
1287 1
1288 1
1289 1
1290 1
1291 1
1292 1
1293 1
1294 1
1295 1
1296 1
1297 1
1298 1
1299 1
1300 1
1301 1
1302 1
1303 1
1304 1
1305 1
1306 1
1307 1
1308 1
1309 1
1310 1
1311 1
1312 1
1313 1
1314 1
1315 1
1316 1
1317 1
1318 1
1319 1
1320 1
1321 1
1322 1
1323 1
1324 1
1325 1
1326 1
1327 1
1328 1
1329 1
1330 1
1331 1
1332 1
1333 1
1334 1
1335 1
1336 1
1337 1
1338 1
1339 1
1340 1
1341 1
1342 1
1343 1
1344 1
1345 1
1346 1
1347 1
1348 1
1349 1
1350 1
1351 1
1352 1
1353 1
1354 1
1355 1
1356 1
1357 1
1358 1
1359 1
1360 1
1361 1
1362 1
1363 1
1364 1
1365 1
1366 1
1367 1
1368 1
1369 1
1370 1
1371 1
1372 1
1373 1
1374 1
1375 1
1376 1
1377 1
1378 1
1379 1
1380 1
1381 1
1382 1
1383 1
1384 1
1385 1
1386 1
1387 1
1388 1
1389 1
1390 1
1391 1
1392 1
1393 1
1394 1
1395 1
1396 1
1397 1
1398 1
1399 1
1400 1
1401 1
1402 1
1403 1
1404 1
1405 1
1406 1
1407 1
1408 1
1409 1
1410 1
1411 1
1412 1
1413 1
1414 1
1415 1
1416 1
1417 1
1418 1
1419 1
1420 1
1421 1
1422 1
1423 1
1424 1
1425 1
1426 1
1427 1
1428 1
1429 1
1430 1
1431 1
1432 1
1433 1
1434 1
1435 1
1436 1
1437 1
1438 1
1439 1
1440 1
1441 1
1442 1
1443 1
1444 1
1445 1
1446 1
1447 1
1448 1
1449 1
1450 1
1451 1
1452 1
1453 1
1454 1
1455 1
1456 1
1457 1
1458 1
1459 1
1460 1
1461 1
1462 1
1463 1
1464 1
1465 1
1466 1
1467 1
1468 1
1469 1
1470 3
1471 3
1472 3
1473 3
1474 3
1475 3
1476 3
1477 3
1478 3
1479 3
1480 3
1481 3
1482 3
1483 3
1484 3
1485 3
1486 3
1487 3
1488 3
1489 3
1490 3
1491 3
1492 3
1493 3
1494 3
1495 3
1496 3
1497 3
1498 3
1499 3
1500 3
1501 3
1502 3
1503 3
1504 3
1505 3
1506 3
1507 3
1508 3
1509 3
1510 3
1511 3
1512 3
1513 3
1514 3
1515 3
1516 3
1517 3
1518 3
1519 3
1520 3
1521 3
1522 3
1523 3
1524 3
1525 3
1526 3
1527 3
1528 3
1529 3
1530 3
1531 3
1532 3
1533 3
1534 3
1535 3
1536 3
1537 3
1538 3
1539 3
1540 3
1541 3
1542 3
1543 3
1544 3
1545 3
1546 3
1547 3
1548 3
1549 3
1550 3
1551 3
1552 3
1553 3
1554 3
1555 3
1556 3
1557 3
1558 3
1559 3
1560 3
1561 3
1562 3
1563 3
1564 3
1565 3
1566 3
1567 3
1568 3
1569 3
1570 3
1571 3
1572 3
1573 3
1574 3
1575 3
1576 3
1577 3
1578 3
1579 3
1580 3
1581 3
1582 3
1583 3
1584 3
1585 3
1586 3
1587 3
1588 3
1589 3
1590 3
1591 3
1592 3
1593 3
1594 3
1595 3
1596 3
1597 3
1598 3
1599 3
1600 3
1601 3
1602 3
1603 3
1604 3
1605 3
1606 3
1607 3
1608 3
1609 3
1610 3
1611 3
1612 3
1613 3
1614 3
1615 3
1616 3
1617 3
1618 3
1619 3
1620 3
1621 3
1622 3
1623 3
1624 3
1625 3
1626 3
1627 3
1628 3
1629 3
1630 3
1631 3
1632 3
1633 3
1634 3
1635 3
1636 3
1637 3
1638 3
1639 3
1640 3
1641 3
1642 3
1643 3
1644 3
1645 3
1646 3
1647 3
1648 3
1649 3
1650 3
1651 3
1652 3
1653 3
1654 3
1655 3
1656 3
1657 3
1658 3
1659 5
1660 5
1661 5
1662 5
1663 5
1664 5
1665 5
1666 5
1667 5
1668 5
1669 5
1670 5
1671 5
1672 5
1673 5
1674 5
1675 5
1676 5
1677 5
1678 5
1679 5
1680 5
1681 5
1682 5
1683 5
1684 5
1685 5
1686 5
1687 5
1688 5
1689 5
1690 5
1691 5
1692 5
1693 5
1694 5
1695 5
1696 5
1697 5
1698 5
1699 5
1700 5
1701 5
1702 5
1703 5
1704 5
1705 5
1706 5
1707 5
1708 5
1709 5
1710 5
1711 5
1712 5
1713 5
1714 5
1715 5
1716 5
1717 5
1718 5
1719 5
1720 5
1721 5
1722 5
1723 5
1724 5
1725 5
1726 5
1727 5
1728 5
1729 5
1730 5
1731 5
1732 5
1733 5
1734 5
1735 5
1736 5
1737 5
1738 5
1739 5
1740 5
1741 5
1742 5
1743 5
1744 5
1745 5
1746 5
1747 5
1748 5
1749 5
1750 5
1751 5
1752 5
1753 5
1754 5
1755 5
1756 5
1757 5
1758 5
1759 5
1760 5
1761 5
1762 5
1763 5
1764 5
1765 5
1766 5
1767 5
1768 5
1769 5
1770 5
1771 5
1772 5
1773 5
1774 5
1775 5
1776 5
1777 5
1778 5
1779 5
1780 5
1781 5
1782 5
1783 5
1784 5
1785 3
1786 3
1787 3
1788 3
1789 3
1790 3
1791 3
1792 3
1793 3
1794 3
1795 3
1796 3
1797 3
1798 3
1799 3
1800 3
1801 3
1802 3
1803 3
1804 3
1805 3
1806 3
1807 3
1808 3
1809 3
1810 3
1811 3
1812 3
1813 3
1814 3
1815 3
1816 3
1817 3
1818 3
1819 3
1820 3
1821 3
1822 3
1823 3
1824 3
1825 3
1826 3
1827 3
1828 3
1829 3
1830 3
1831 3
1832 3
1833 3
1834 3
1835 3
1836 3
1837 3
1838 3
1839 3
1840 3
1841 3
1842 3
1843 3
1844 3
1845 3
1846 3
1847 3
1848 3
1849 3
1850 3
1851 3
1852 3
1853 3
1854 3
1855 3
1856 3
1857 3
1858 3
1859 3
1860 3
1861 3
1862 3
1863 3
1864 3
1865 3
1866 3
1867 3
1868 3
1869 2
1870 2
1871 2
1872 2
1873 2
1874 2
1875 2
1876 2
1877 2
1878 2
1879 2
1880 2
1881 2
1882 2
1883 2
1884 2
1885 2
1886 2
1887 2
1888 2
1889 2
1890 2
1891 2
1892 2
1893 2
1894 2
1895 2
1896 2
1897 2
1898 2
1899 2
1900 2
1901 2
1902 2
1903 2
1904 2
1905 2
1906 2
1907 2
1908 2
1909 2
1910 2
1911 2
1912 2
1913 2
1914 2
1915 2
1916 2
1917 2
1918 2
1919 2
1920 2
1921 2
1922 2
1923 2
1924 2
1925 2
1926 2
1927 2
1928 2
1929 2
1930 2
1931 2
1932 2
1933 2
1934 2
1935 2
1936 2
1937 2
1938 2
1939 2
1940 2
1941 2
1942 2
1943 2
1944 2
1945 2
1946 2
1947 2
1948 2
1949 2
1950 2
1951 2
1952 2
1953 1
1954 1
1955 1
1956 1
1957 1
1958 1
1959 1
1960 1
1961 1
1962 1
1963 1
1964 1
1965 1
1966 1
1967 1
1968 1
1969 1
1970 1
1971 1
1972 1
1973 1
1974 1
1975 1
1976 1
1977 1
1978 1
1979 1
1980 1
1981 1
1982 1
1983 1
1984 1
1985 1
1986 1
1987 1
1988 1
1989 1
1990 1
1991 1
1992 1
1993 1
1994 1
1995 1
1996 1
1997 1
1998 1
1999 1
2000 1
2001 1
2002 1
2003 1
2004 1
2005 1
2006 1
2007 1
2008 1
2009 1
2010 1
2011 1
2012 1
2013 1
2014 1
2015 1
2016 1
2017 1
2018 1
2019 1
2020 1
2021 1
2022 1
2023 1
2024 1
2025 1
2026 1
2027 1
2028 1
2029 1
2030 1
2031 1
2032 1
2033 1
2034 1
2035 1
2036 1
2037 1
2038 1
2039 1
2040 1
2041 1
2042 1
2043 1
2044 1
2045 1
2046 1
2047 1
2048 1
2049 1
2050 1
2051 1
2052 1
2053 1
2054 1
2055 1
2056 1
2057 1
2058 2
2059 2
2060 2
2061 2
2062 2
2063 2
2064 2
2065 2
2066 2
2067 2
2068 2
2069 2
2070 2
2071 2
2072 2
2073 2
2074 2
2075 2
2076 2
2077 2
2078 2
2079 2
2080 2
2081 2
2082 2
2083 2
2084 2
2085 2
2086 2
2087 2
2088 2
2089 2
2090 2
2091 2
2092 2
2093 2
2094 2
2095 2
2096 2
2097 2
2098 2
2099 2
2100 2
2101 2
2102 2
2103 2
2104 2
2105 2
2106 2
2107 2
2108 2
2109 2
2110 2
2111 2
2112 2
2113 2
2114 2
2115 2
2116 2
2117 2
2118 2
2119 2
2120 2
2121 2
2122 2
2123 2
2124 2
2125 2
2126 2
2127 2
2128 2
2129 2
2130 2
2131 2
2132 2
2133 2
2134 2
2135 2
2136 2
2137 2
2138 2
2139 2
2140 2
2141 2
2142 2
2143 2
2144 2
2145 2
2146 2
2147 2
2148 2
2149 2
2150 2
2151 2
2152 2
2153 2
2154 2
2155 2
2156 2
2157 2
2158 2
2159 2
2160 2
2161 2
2162 2
2163 2
2164 2
2165 2
2166 2
2167 2
2168 2
2169 2
2170 2
2171 2
2172 2
2173 2
2174 2
2175 2
2176 2
2177 2
2178 2
2179 2
2180 2
2181 2
2182 2
2183 2
2184 4
2185 4
2186 4
2187 4
2188 4
2189 4
2190 4
2191 4
2192 4
2193 4
2194 4
2195 4
2196 4
2197 4
2198 4
2199 4
2200 4
2201 4
2202 4
2203 4
2204 4
2205 4
2206 4
2207 4
2208 4
2209 4
2210 4
2211 4
2212 4
2213 4
2214 4
2215 4
2216 4
2217 4
2218 4
2219 4
2220 4
2221 4
2222 4
2223 4
2224 4
2225 4
2226 4
2227 4
2228 4
2229 4
2230 4
2231 4
2232 4
2233 4
2234 4
2235 4
2236 4
2237 4
2238 4
2239 4
2240 4
2241 4
2242 4
2243 4
2244 4
2245 4
2246 4
2247 4
2248 4
2249 4
2250 4
2251 4
2252 4
2253 4
2254 4
2255 4
2256 4
2257 4
2258 4
2259 4
2260 4
2261 4
2262 4
2263 4
2264 4
2265 4
2266 4
2267 4
2268 4
2269 4
2270 4
2271 4
2272 4
2273 4
2274 4
2275 4
2276 4
2277 4
2278 4
2279 4
2280 4
2281 4
2282 4
2283 4
2284 4
2285 4
2286 4
2287 4
2288 4
2289 4
2290 4
2291 4
2292 4
2293 4
2294 4
2295 4
2296 4
2297 4
2298 4
2299 4
2300 4
2301 4
2302 4
2303 4
2304 4
2305 4
2306 4
2307 4
2308 4
2309 4
2310 4
2311 4
2312 4
2313 4
2314 4
2315 4
2316 4
2317 4
2318 4
2319 4
2320 4
2321 4
2322 4
2323 4
2324 4
2325 4
2326 4
2327 4
2328 4
2329 4
2330 4
2331 1
2332 1
2333 1
2334 1
2335 1
2336 1
2337 1
2338 1
2339 1
2340 1
2341 1
2342 1
2343 1
2344 1
2345 1
2346 1
2347 1
2348 1
2349 1
2350 1
2351 1
2352 1
2353 1
2354 1
2355 1
2356 1
2357 1
2358 1
2359 1
2360 1
2361 1
2362 1
2363 1
2364 1
2365 1
2366 1
2367 1
2368 1
2369 1
2370 1
2371 1
2372 1
2373 1
2374 1
2375 1
2376 1
2377 1
2378 1
2379 1
2380 1
2381 1
2382 1
2383 1
2384 1
2385 1
2386 1
2387 1
2388 1
2389 1
2390 1
2391 1
2392 1
2393 1
2394 1
2395 1
2396 1
2397 1
2398 1
2399 1
2400 1
2401 1
2402 1
2403 1
2404 1
2405 1
2406 1
2407 1
2408 1
2409 1
2410 1
2411 1
2412 1
2413 1
2414 1
2415 2
2416 2
2417 2
2418 2
2419 2
2420 2
2421 2
2422 2
2423 2
2424 2
2425 2
2426 2
2427 2
2428 2
2429 2
2430 2
2431 2
2432 2
2433 2
2434 2
2435 2
2436 2
2437 2
2438 2
2439 2
2440 2
2441 2
2442 2
2443 2
2444 2
2445 2
2446 2
2447 2
2448 2
2449 2
2450 2
2451 2
2452 2
2453 2
2454 2
2455 2
2456 2
2457 2
2458 2
2459 2
2460 2
2461 2
2462 2
2463 2
2464 2
2465 2
2466 2
2467 2
2468 2
2469 2
2470 2
2471 2
2472 2
2473 2
2474 2
2475 2
2476 2
2477 2
2478 2
2479 2
2480 2
2481 2
2482 2
2483 2
2484 2
2485 2
2486 2
2487 2
2488 2
2489 2
2490 2
2491 2
2492 2
2493 2
2494 2
2495 2
2496 2
2497 2
2498 2
2499 2
2500 2
2501 2
2502 2
2503 2
2504 2
2505 2
2506 2
2507 2
2508 2
2509 2
2510 2
2511 2
2512 2
2513 2
2514 2
2515 2
2516 2
2517 2
2518 2
2519 2
2520 2
2521 2
2522 2
2523 2
2524 2
2525 2
2526 2
2527 2
2528 2
2529 2
2530 2
2531 2
2532 2
2533 2
2534 2
2535 2
2536 2
2537 2
2538 2
2539 2
2540 2
2541 5
2542 5
2543 5
2544 5
2545 5
2546 5
2547 5
2548 5
2549 5
2550 5
2551 5
2552 5
2553 5
2554 5
2555 5
2556 5
2557 5
2558 5
2559 5
2560 5
2561 5
2562 5
2563 5
2564 5
2565 5
2566 5
2567 5
2568 5
2569 5
2570 5
2571 5
2572 5
2573 5
2574 5
2575 5
2576 5
2577 5
2578 5
2579 5
2580 5
2581 5
2582 5
2583 5
2584 5
2585 5
2586 5
2587 5
2588 5
2589 5
2590 5
2591 5
2592 5
2593 5
2594 5
2595 5
2596 5
2597 5
2598 5
2599 5
2600 5
2601 5
2602 5
2603 5
2604 5
2605 5
2606 5
2607 5
2608 5
2609 5
2610 5
2611 5
2612 5
2613 5
2614 5
2615 5
2616 5
2617 5
2618 5
2619 5
2620 5
2621 5
2622 5
2623 5
2624 5
2625 5
2626 5
2627 5
2628 5
2629 5
2630 5
2631 5
2632 5
2633 5
2634 5
2635 5
2636 5
2637 5
2638 5
2639 5
2640 5
2641 5
2642 5
2643 5
2644 5
2645 5
2646 5
2647 5
2648 5
2649 5
2650 5
2651 5
2652 5
2653 5
2654 5
2655 5
2656 5
2657 5
2658 5
2659 5
2660 5
2661 5
2662 5
2663 5
2664 5
2665 5
2666 5
2667 5
2668 5
2669 5
2670 5
2671 5
2672 5
2673 5
2674 5
2675 5
2676 5
2677 5
2678 5
2679 5
2680 5
2681 5
2682 5
2683 5
2684 5
2685 5
2686 5
2687 5
2688 5
2689 5
2690 5
2691 5
2692 5
2693 5
2694 5
2695 5
2696 5
2697 5
2698 5
2699 5
2700 5
2701 5
2702 5
2703 5
2704 5
2705 5
2706 5
2707 5
2708 5
2709 5
2710 5
2711 5
2712 5
2713 5
2714 5
2715 5
2716 5
2717 5
2718 5
2719 5
2720 5
2721 5
2722 5
2723 5
2724 5
2725 5
2726 5
2727 5
2728 5
2729 5
2730 5
2731 5
2732 5
2733 5
2734 5
2735 5
2736 5
2737 5
2738 5
2739 5
2740 5
2741 5
2742 5
2743 5
2744 5
2745 5
2746 5
2747 5
2748 5
2749 5
2750 5
2751 5
2752 5
2753 5
2754 5
2755 5
2756 5
2757 5
2758 5
2759 5
2760 5
2761 5
2762 5
2763 5
2764 5
2765 5
2766 5
2767 5
2768 5
2769 5
2770 5
2771 5
2772 5
2773 5
2774 5
2775 5
2776 5
2777 5
2778 5
2779 5
2780 5
2781 5
2782 5
2783 5
2784 5
2785 5
2786 5
2787 5
2788 5
2789 5
2790 5
2791 5
2792 5
2793 3
2794 3
2795 3
2796 3
2797 3
2798 3
2799 3
2800 3
2801 3
2802 3
2803 3
2804 3
2805 3
2806 3
2807 3
2808 3
2809 3
2810 3
2811 3
2812 3
2813 3
2814 3
2815 3
2816 3
2817 3
2818 3
2819 3
2820 3
2821 3
2822 3
2823 3
2824 3
2825 3
2826 3
2827 3
2828 3
2829 3
2830 3
2831 3
2832 3
2833 3
2834 3
2835 3
2836 3
2837 3
2838 3
2839 3
2840 3
2841 3
2842 3
2843 3
2844 3
2845 3
2846 3
2847 3
2848 3
2849 3
2850 3
2851 3
2852 3
2853 3
2854 3
2855 3
2856 3
2857 3
2858 3
2859 3
2860 3
2861 3
2862 3
2863 3
2864 3
2865 3
2866 3
2867 3
2868 3
2869 3
2870 3
2871 3
2872 3
2873 3
2874 3
2875 3
2876 3
2877 3
2878 3
2879 3
2880 3
2881 3
2882 3
2883 3
2884 3
2885 3
2886 3
2887 3
2888 3
2889 3
2890 3
2891 3
2892 3
2893 3
2894 3
2895 3
2896 3
2897 3
2898 3
2899 3
2900 3
2901 3
2902 3
2903 3
2904 3
2905 3
2906 3
2907 3
2908 3
2909 3
2910 3
2911 3
2912 3
2913 3
2914 3
2915 3
2916 3
2917 3
2918 3
2919 5
2920 5
2921 5
2922 5
2923 5
2924 5
2925 5
2926 5
2927 5
2928 5
2929 5
2930 5
2931 5
2932 5
2933 5
2934 5
2935 5
2936 5
2937 5
2938 5
2939 5
2940 5
2941 5
2942 5
2943 5
2944 5
2945 5
2946 5
2947 5
2948 5
2949 5
2950 5
2951 5
2952 5
2953 5
2954 5
2955 5
2956 5
2957 5
2958 5
2959 5
2960 5
2961 5
2962 5
2963 5
2964 5
2965 5
2966 5
2967 5
2968 5
2969 5
2970 5
2971 5
2972 5
2973 5
2974 5
2975 5
2976 5
2977 5
2978 5
2979 5
2980 5
2981 5
2982 5
2983 5
2984 5
2985 5
2986 5
2987 5
2988 5
2989 5
2990 5
2991 5
2992 5
2993 5
2994 5
2995 5
2996 5
2997 5
2998 5
2999 5
3000 5
3001 5
3002 5
3003 5
3004 5
3005 5
3006 5
3007 5
3008 5
3009 5
3010 5
3011 5
3012 5
3013 5
3014 5
3015 5
3016 5
3017 5
3018 5
3019 5
3020 5
3021 5
3022 5
3023 5
3024 2
3025 2
3026 2
3027 2
3028 2
3029 2
3030 2
3031 2
3032 2
3033 2
3034 2
3035 2
3036 2
3037 2
3038 2
3039 2
3040 2
3041 2
3042 2
3043 2
3044 2
3045 2
3046 2
3047 2
3048 2
3049 2
3050 2
3051 2
3052 2
3053 2
3054 2
3055 2
3056 2
3057 2
3058 2
3059 2
3060 2
3061 2
3062 2
3063 2
3064 2
3065 2
3066 2
3067 2
3068 2
3069 2
3070 2
3071 2
3072 2
3073 2
3074 2
3075 2
3076 2
3077 2
3078 2
3079 2
3080 2
3081 2
3082 2
3083 2
3084 2