3707 2
4353 1
7105 3
13451 1
23603 2
35101 1
36552 1
37951 1
42402 1
46351 2
47902 2
48552 3
50756 2
52602 1
54402 4
57352 2
59601 2
61601 1
65401 2
69152 2
70851 2
71401 5
73402 2
75451 2
76202 1
77503 2
79254 2
83251 3
86452 3
90004 3
90854 3
92854 3
94751 3
96304 3
98451 3
99056 5
99653 5
100001 1
101052 4
101951 4
105153 3
109405 3
110951 3
114003 3
116706 3
118351 3
119603 5
122352 4
124253 4
125452 1
130155 4
132301 5
134403 2
137301 4
140602 4
142752 4
143402 1
145052 2
148701 4
158251 4
