1 0
2 0
3 0
4 0
5 0
6 0
7 0
8 0
9 0
10 0
11 0
12 0
13 0
14 0
15 0
16 0
17 0
18 0
19 0
20 0
21 4
22 4
23 4
24 4
25 4
26 4
27 4
28 4
29 4
30 4
31 4
32 4
33 4
34 4
35 4
36 4
37 4
38 4
39 4
40 4
41 4
42 4
43 4
44 4
45 4
46 4
47 4
48 4
49 4
50 4
51 4
52 4
53 4
54 4
55 4
56 4
57 4
58 4
59 4
60 4
61 4
62 4
63 4
64 4
65 4
66 4
67 4
68 4
69 4
70 4
71 4
72 4
73 4
74 4
75 4
76 4
77 4
78 4
79 4
80 4
81 4
82 4
83 4
84 4
85 4
86 4
87 4
88 4
89 4
90 4
91 4
92 4
93 4
94 4
95 4
96 4
97 4
98 4
99 4
100 4
101 4
102 4
103 4
104 4
105 4
106 4
107 4
108 4
109 4
110 4
111 4
112 4
113 4
114 4
115 4
116 4
117 4
118 4
119 4
120 4
121 4
122 4
123 4
124 4
125 4
126 4
127 4
128 4
129 4
130 4
131 4
132 4
133 4
134 4
135 4
136 4
137 4
138 4
139 4
140 4
141 4
142 4
143 4
144 4
145 4
146 4
147 3
148 3
149 3
150 3
151 3
152 3
153 3
154 3
155 3
156 3
157 3
158 3
159 3
160 3
161 3
162 3
163 3
164 3
165 3
166 3
167 3
168 3
169 3
170 3
171 3
172 3
173 3
174 3
175 3
176 3
177 3
178 3
179 3
180 3
181 3
182 3
183 3
184 3
185 3
186 3
187 3
188 3
189 3
190 3
191 3
192 3
193 3
194 3
195 3
196 3
197 3
198 3
199 3
200 3
201 3
202 3
203 3
204 3
205 3
206 3
207 3
208 3
209 3
210 3
211 3
212 3
213 3
214 3
215 3
216 3
217 3
218 3
219 3
220 3
221 3
222 3
223 3
224 3
225 3
226 3
227 3
228 3
229 3
230 3
231 3
232 3
233 3
234 3
235 3
236 3
237 3
238 3
239 3
240 3
241 3
242 3
243 3
244 3
245 3
246 3
247 3
248 3
249 3
250 3
251 3
252 3
253 3
254 3
255 3
256 3
257 3
258 3
259 3
260 3
261 3
262 3
263 3
264 3
265 3
266 3
267 3
268 3
269 3
270 3
271 3
272 3
273 3
274 3
275 3
276 3
277 3
278 3
279 3
280 3
281 3
282 3
283 3
284 3
285 3
286 3
287 3
288 3
289 3
290 3
291 3
292 3
293 3
294 3
295 3
296 3
297 3
298 3
299 3
300 3
301 3
302 3
303 3
304 3
305 3
306 3
307 3
308 3
309 3
310 3
311 3
312 3
313 3
314 3
315 5
316 5
317 5
318 5
319 5
320 5
321 5
322 5
323 5
324 5
325 5
326 5
327 5
328 5
329 5
330 5
331 5
332 5
333 5
334 5
335 5
336 5
337 5
338 5
339 5
340 5
341 5
342 5
343 5
344 5
345 5
346 5
347 5
348 5
349 5
350 5
351 5
352 5
353 5
354 5
355 5
356 5
357 5
358 5
359 5
360 5
361 5
362 5
363 5
364 5
365 5
366 5
367 5
368 5
369 5
370 5
371 5
372 5
373 5
374 5
375 5
376 5
377 5
378 4
379 4
380 4
381 4
382 4
383 4
384 4
385 4
386 4
387 4
388 4
389 4
390 4
391 4
392 4
393 4
394 4
395 4
396 4
397 4
398 4
399 4
400 4
401 4
402 4
403 4
404 4
405 4
406 4
407 4
408 4
409 4
410 4
411 4
412 4
413 4
414 4
415 4
416 4
417 4
418 4
419 4
420 4
421 4
422 4
423 4
424 4
425 4
426 4
427 4
428 4
429 4
430 4
431 4
432 4
433 4
434 4
435 4
436 4
437 4
438 4
439 4
440 4
441 4
442 4
443 4
444 4
445 4
446 4
447 4
448 4
449 4
450 4
451 4
452 4
453 4
454 4
455 4
456 4
457 4
458 4
459 4
460 4
461 4
462 4
463 4
464 4
465 4
466 4
467 4
468 4
469 4
470 4
471 4
472 4
473 4
474 4
475 4
476 4
477 4
478 4
479 4
480 4
481 4
482 4
483 3
484 3
485 3
486 3
487 3
488 3
489 3
490 3
491 3
492 3
493 3
494 3
495 3
496 3
497 3
498 3
499 3
500 3
501 3
502 3
503 3
504 3
505 3
506 3
507 3
508 3
509 3
510 3
511 3
512 3
513 3
514 3
515 3
516 3
517 3
518 3
519 3
520 3
521 3
522 3
523 3
524 3
525 3
526 3
527 3
528 3
529 3
530 3
531 3
532 3
533 3
534 3
535 3
536 3
537 3
538 3
539 3
540 3
541 3
542 3
543 3
544 3
545 3
546 3
547 3
548 3
549 3
550 3
551 3
552 3
553 3
554 3
555 3
556 3
557 3
558 3
559 3
560 3
561 3
562 3
563 3
564 3
565 3
566 3
567 3
568 3
569 3
570 3
571 3
572 3
573 3
574 3
575 3
576 3
577 3
578 3
579 3
580 3
581 3
582 3
583 3
584 3
585 3
586 3
587 3
588 3
589 3
590 3
591 3
592 3
593 3
594 3
595 3
596 3
597 3
598 3
599 3
600 3
601 3
602 3
603 3
604 3
605 3
606 3
607 3
608 3
609 3
610 3
611 3
612 3
613 3
614 3
615 3
616 3
617 3
618 3
619 3
620 3
621 3
622 3
623 3
624 3
625 3
626 3
627 3
628 3
629 3
630 3
631 3
632 3
633 3
634 3
635 3
636 3
637 3
638 3
639 3
640 3
641 3
642 3
643 3
644 3
645 3
646 3
647 3
648 3
649 3
650 3
651 3
652 3
653 3
654 3
655 3
656 3
657 3
658 3
659 3
660 3
661 3
662 3
663 3
664 3
665 3
666 3
667 3
668 3
669 3
670 3
671 3
672 1
673 1
674 1
675 1
676 1
677 1
678 1
679 1
680 1
681 1
682 1
683 1
684 1
685 1
686 1
687 1
688 1
689 1
690 1
691 1
692 1
693 1
694 1
695 1
696 1
697 1
698 1
699 1
700 1
701 1
702 1
703 1
704 1
705 1
706 1
707 1
708 1
709 1
710 1
711 1
712 1
713 1
714 3
715 3
716 3
717 3
718 3
719 3
720 3
721 3
722 3
723 3
724 3
725 3
726 3
727 3
728 3
729 3
730 3
731 3
732 3
733 3
734 3
735 3
736 3
737 3
738 3
739 3
740 3
741 3
742 3
743 3
744 3
745 3
746 3
747 3
748 3
749 3
750 3
751 3
752 3
753 3
754 3
755 3
756 3
757 3
758 3
759 3
760 3
761 3
762 3
763 3
764 3
765 3
766 3
767 3
768 3
769 3
770 3
771 3
772 3
773 3
774 3
775 3
776 3
777 3
778 3
779 3
780 3
781 3
782 3
783 3
784 3
785 3
786 3
787 3
788 3
789 3
790 3
791 3
792 3
793 3
794 3
795 3
796 3
797 3
798 3
799 3
800 3
801 3
802 3
803 3
804 3
805 3
806 3
807 3
808 3
809 3
810 3
811 3
812 3
813 3
814 3
815 3
816 3
817 3
818 3
819 3
820 3
821 3
822 3
823 3
824 3
825 3
826 3
827 3
828 3
829 3
830 3
831 3
832 3
833 3
834 3
835 3
836 3
837 3
838 3
839 3
840 3
841 3
842 3
843 3
844 3
845 3
846 3
847 3
848 3
849 3
850 3
851 3
852 3
853 3
854 3
855 3
856 3
857 3
858 3
859 3
860 3
861 3
862 3
863 3
864 3
865 3
866 3
867 3
868 3
869 3
870 3
871 3
872 3
873 3
874 3
875 3
876 3
877 3
878 3
879 3
880 3
881 3
882 4
883 4
884 4
885 4
886 4
887 4
888 4
889 4
890 4
891 4
892 4
893 4
894 4
895 4
896 4
897 4
898 4
899 4
900 4
901 4
902 4
903 2
904 2
905 2
906 2
907 2
908 2
909 2
910 2
911 2
912 2
913 2
914 2
915 2
916 2
917 2
918 2
919 2
920 2
921 2
922 2
923 2
924 2
925 2
926 2
927 2
928 2
929 2
930 2
931 2
932 2
933 2
934 2
935 2
936 2
937 2
938 2
939 2
940 2
941 2
942 2
943 2
944 2
945 2
946 2
947 2
948 2
949 2
950 2
951 2
952 2
953 2
954 2
955 2
956 2
957 2
958 2
959 2
960 2
961 2
962 2
963 2
964 2
965 2
966 2
967 2
968 2
969 2
970 2
971 2
972 2
973 2
974 2
975 2
976 2
977 2
978 2
979 2
980 2
981 2
982 2
983 2
984 2
985 2
986 2
987 2
988 2
989 2
990 2
991 2
992 2
993 2
994 2
995 2
996 2
997 2
998 2
999 2
1000 2
1001 2
1002 2
1003 2
1004 2
1005 2
1006 2
1007 2
1008 4
1009 4
1010 4
1011 4
1012 4
1013 4
1014 4
1015 4
1016 4
1017 4
1018 4
1019 4
1020 4
1021 4
1022 4
1023 4
1024 4
1025 4
1026 4
1027 4
1028 4
1029 4
1030 4
1031 4
1032 4
1033 4
1034 4
1035 4
1036 4
1037 4
1038 4
1039 4
1040 4
1041 4
1042 4
1043 4
1044 4
1045 4
1046 4
1047 4
1048 4
1049 4
1050 1
1051 1
1052 1
1053 1
1054 1
1055 1
1056 1
1057 1
1058 1
1059 1
1060 1
1061 1
1062 1
1063 1
1064 1
1065 1
1066 1
1067 1
1068 1
1069 1
1070 1
1071 1
1072 1
1073 1
1074 1
1075 1
1076 1
1077 1
1078 1
1079 1
1080 1
1081 1
1082 1
1083 1
1084 1
1085 1
1086 1
1087 1
1088 1
1089 1
1090 1
1091 1
1092 1
1093 1
1094 1
1095 1
1096 1
1097 1
1098 1
1099 1
1100 1
1101 1
1102 1
1103 1
1104 1
1105 1
1106 1
1107 1
1108 1
1109 1
1110 1
1111 1
1112 1
1113 1
1114 1
1115 1
1116 1
1117 1
1118 1
1119 1
1120 1
1121 1
1122 1
1123 1
1124 1
1125 1
1126 1
1127 1
1128 1
1129 1
1130 1
1131 1
1132 1
1133 1
1134 1
1135 1
1136 1
1137 1
1138 1
1139 1
1140 1
1141 1
1142 1
1143 1
1144 1
1145 1
1146 1
1147 1
1148 1
1149 1
1150 1
1151 1
1152 1
1153 1
1154 1
1155 1
1156 1
1157 1
1158 1
1159 1
1160 1
1161 1
1162 1
1163 1
1164 1
1165 1
1166 1
1167 1
1168 1
1169 1
1170 1
1171 1
1172 1
1173 1
1174 1
1175 1
1176 1
1177 1
1178 1
1179 1
1180 1
1181 1
1182 1
1183 1
1184 1
1185 1
1186 1
1187 1
1188 1
1189 1
1190 1
1191 1
1192 1
1193 1
1194 1
1195 1
1196 1
1197 1
1198 1
1199 1
1200 1
1201 1
1202 1
1203 1
1204 1
1205 1
1206 1
1207 1
1208 1
1209 1
1210 1
1211 1
1212 1
1213 1
1214 1
1215 1
1216 1
1217 1
1218 1
1219 1
1220 1
1221 1
1222 1
1223 1
1224 1
1225 1
1226 1
1227 1
1228 1
1229 1
1230 1
1231 1
1232 1
1233 1
1234 1
1235 1
1236 1
1237 1
1238 1
1239 1
1240 1
1241 1
1242 1
1243 1
1244 1
1245 1
1246 1
1247 1
1248 1
1249 1
1250 1
1251 1
1252 1
1253 1
1254 1
1255 1
1256 1
1257 1
1258 1
1259 1
1260 1
1261 1
1262 1
1263 1
1264 1
1265 1
1266 1
1267 1
1268 1
1269 1
1270 1
1271 1
1272 1
1273 1
1274 1
1275 1
1276 1
1277 1
1278 1
1279 1
1280 1
1281 1
1282 1
1283 1
1284 1
1285 1
1286 1
1287 1
1288 1
1289 1
1290 1
1291 1
1292 1
1293 1
1294 1
1295 1
1296 1
1297 1
1298 1
1299 1
1300 1
1301 1
1302 1
1303 1
1304 1
1305 1
1306 1
1307 1
1308 1
1309 1
1310 1
1311 1
1312 1
1313 1
1314 1
1315 1
1316 1
1317 1
1318 1
1319 1
1320 1
1321 1
1322 1
1323 2
1324 2
1325 2
1326 2
1327 2
1328 2
1329 2
1330 2
1331 2
1332 2
1333 2
1334 2
1335 2
1336 2
1337 2
1338 2
1339 2
1340 2
1341 2
1342 2
1343 2
1344 2
1345 2
1346 2
1347 2
1348 2
1349 2
1350 2
1351 2
1352 2
1353 2
1354 2
1355 2
1356 2
1357 2
1358 2
1359 2
1360 2
1361 2
1362 2
1363 2
1364 2
1365 2
1366 2
1367 2
1368 2
1369 2
1370 2
1371 2
1372 2
1373 2
1374 2
1375 2
1376 2
1377 2
1378 2
1379 2
1380 2
1381 2
1382 2
1383 2
1384 2
1385 2
1386 2
1387 2
1388 2
1389 2
1390 2
1391 2
1392 2
1393 2
1394 2
1395 2
1396 2
1397 2
1398 2
1399 2
1400 2
1401 2
1402 2
1403 2
1404 2
1405 2
1406 2
1407 2
1408 2
1409 2
1410 2
1411 2
1412 2
1413 2
1414 2
1415 2
1416 2
1417 2
1418 2
1419 2
1420 2
1421 2
1422 2
1423 2
1424 2
1425 2
1426 2
1427 2
1428 4
1429 4
1430 4
1431 4
1432 4
1433 4
1434 4
1435 4
1436 4
1437 4
1438 4
1439 4
1440 4
1441 4
1442 4
1443 4
1444 4
1445 4
1446 4
1447 4
1448 4
1449 4
1450 4
1451 4
1452 4
1453 4
1454 4
1455 4
1456 4
1457 4
1458 4
1459 4
1460 4
1461 4
1462 4
1463 4
1464 4
1465 4
1466 4
1467 4
1468 4
1469 4
1470 4
1471 4
1472 4
1473 4
1474 4
1475 4
1476 4
1477 4
1478 4
1479 4
1480 4
1481 4
1482 4
1483 4
1484 4
1485 4
1486 4
1487 4
1488 4
1489 4
1490 4
1491 4
1492 4
1493 4
1494 4
1495 4
1496 4
1497 4
1498 4
1499 4
1500 4
1501 4
1502 4
1503 4
1504 4
1505 4
1506 4
1507 4
1508 4
1509 4
1510 4
1511 4
1512 4
1513 4
1514 4
1515 4
1516 4
1517 4
1518 4
1519 4
1520 4
1521 4
1522 4
1523 4
1524 4
1525 4
1526 4
1527 4
1528 4
1529 4
1530 4
1531 4
1532 4
1533 4
1534 4
1535 4
1536 4
1537 4
1538 4
1539 4
1540 4
1541 4
1542 4
1543 4
1544 4
1545 4
1546 4
1547 4
1548 4
1549 4
1550 4
1551 4
1552 4
1553 4
1554 5
1555 5
1556 5
1557 5
1558 5
1559 5
1560 5
1561 5
1562 5
1563 5
1564 5
1565 5
1566 5
1567 5
1568 5
1569 5
1570 5
1571 5
1572 5
1573 5
1574 5
1575 5
1576 5
1577 5
1578 5
1579 5
1580 5
1581 5
1582 5
1583 5
1584 5
1585 5
1586 5
1587 5
1588 5
1589 5
1590 5
1591 5
1592 5
1593 5
1594 5
1595 5
1596 5
1597 5
1598 5
1599 5
1600 5
1601 5
1602 5
1603 5
1604 5
1605 5
1606 5
1607 5
1608 5
1609 5
1610 5
1611 5
1612 5
1613 5
1614 5
1615 5
1616 5
1617 5
1618 5
1619 5
1620 5
1621 5
1622 5
1623 5
1624 5
1625 5
1626 5
1627 5
1628 5
1629 5
1630 5
1631 5
1632 5
1633 5
1634 5
1635 5
1636 5
1637 5
1638 5
1639 5
1640 5
1641 5
1642 5
1643 5
1644 5
1645 5
1646 5
1647 5
1648 5
1649 5
1650 5
1651 5
1652 5
1653 5
1654 5
1655 5
1656 5
1657 5
1658 5
1659 5
1660 5
1661 5
1662 5
1663 5
1664 5
1665 5
1666 5
1667 5
1668 5
1669 5
1670 5
1671 5
1672 5
1673 5
1674 5
1675 5
1676 5
1677 5
1678 5
1679 5
1680 5
1681 5
1682 5
1683 5
1684 5
1685 5
1686 5
1687 5
1688 5
1689 5
1690 5
1691 5
1692 5
1693 5
1694 5
1695 5
1696 5
1697 5
1698 5
1699 5
1700 5
1701 5
1702 5
1703 5
1704 5
1705 5
1706 5
1707 5
1708 5
1709 5
1710 5
1711 5
1712 5
1713 5
1714 5
1715 5
1716 5
1717 5
1718 5
1719 5
1720 5
1721 5
1722 5
1723 5
1724 5
1725 5
1726 5
1727 5
1728 5
1729 5
1730 5
1731 5
1732 5
1733 5
1734 5
1735 5
1736 5
1737 5
1738 5
1739 5
1740 5
1741 5
1742 5
1743 5
1744 5
1745 5
1746 5
1747 5
1748 5
1749 5
1750 5
1751 5
1752 5
1753 5
1754 5
1755 5
1756 5
1757 5
1758 5
1759 5
1760 5
1761 5
1762 5
1763 5
1764 5
1765 5
1766 5
1767 5
1768 5
1769 5
1770 5
1771 5
1772 5
1773 5
1774 5
1775 5
1776 5
1777 5
1778 5
1779 5
1780 5
1781 5
1782 5
1783 5
1784 5
1785 3
1786 3
1787 3
1788 3
1789 3
1790 3
1791 3
1792 3
1793 3
1794 3
1795 3
1796 3
1797 3
1798 3
1799 3
1800 3
1801 3
1802 3
1803 3
1804 3
1805 3
1806 3
1807 3
1808 3
1809 3
1810 3
1811 3
1812 3
1813 3
1814 3
1815 3
1816 3
1817 3
1818 3
1819 3
1820 3
1821 3
1822 3
1823 3
1824 3
1825 3
1826 3
1827 3
1828 3
1829 3
1830 3
1831 3
1832 3
1833 3
1834 3
1835 3
1836 3
1837 3
1838 3
1839 3
1840 3
1841 3
1842 3
1843 3
1844 3
1845 3
1846 3
1847 3
1848 3
1849 3
1850 3
1851 3
1852 3
1853 3
1854 3
1855 3
1856 3
1857 3
1858 3
1859 3
1860 3
1861 3
1862 3
1863 3
1864 3
1865 3
1866 3
1867 3
1868 3
1869 3
1870 3
1871 3
1872 3
1873 3
1874 3
1875 3
1876 3
1877 3
1878 3
1879 3
1880 3
1881 3
1882 3
1883 3
1884 3
1885 3
1886 3
1887 3
1888 3
1889 3
1890 5
1891 5
1892 5
1893 5
1894 5
1895 5
1896 5
1897 5
1898 5
1899 5
1900 5
1901 5
1902 5
1903 5
1904 5
1905 5
1906 5
1907 5
1908 5
1909 5
1910 5
1911 5
1912 5
1913 5
1914 5
1915 5
1916 5
1917 5
1918 5
1919 5
1920 5
1921 5
1922 5
1923 5
1924 5
1925 5
1926 5
1927 5
1928 5
1929 5
1930 5
1931 5
1932 5
1933 5
1934 5
1935 5
1936 5
1937 5
1938 5
1939 5
1940 5
1941 5
1942 5
1943 5
1944 5
1945 5
1946 5
1947 5
1948 5
1949 5
1950 5
1951 5
1952 5
1953 3
1954 3
1955 3
1956 3
1957 3
1958 3
1959 3
1960 3
1961 3
1962 3
1963 3
1964 3
1965 3
1966 3
1967 3
1968 3
1969 3
1970 3
1971 3
1972 3
1973 3
1974 3
1975 3
1976 3
1977 3
1978 3
1979 3
1980 3
1981 3
1982 3
1983 3
1984 3
1985 3
1986 3
1987 3
1988 3
1989 3
1990 3
1991 3
1992 3
1993 3
1994 3
1995 3
1996 3
1997 3
1998 3
1999 3
2000 3
2001 3
2002 3
2003 3
2004 3
2005 3
2006 3
2007 3
2008 3
2009 3
2010 3
2011 3
2012 3
2013 3
2014 3
2015 3
2016 3
2017 3
2018 3
2019 3
2020 3
2021 3
2022 3
2023 3
2024 3
2025 3
2026 3
2027 3
2028 3
2029 3
2030 3
2031 3
2032 3
2033 3
2034 3
2035 3
2036 3
2037 3
2038 3
2039 3
2040 3
2041 3
2042 3
2043 3
2044 3
2045 3
2046 3
2047 3
2048 3
2049 3
2050 3
2051 3
2052 3
2053 3
2054 3
2055 3
2056 3
2057 3
2058 3
2059 3
2060 3
2061 3
2062 3
2063 3
2064 3
2065 3
2066 3
2067 3
2068 3
2069 3
2070 3
2071 3
2072 3
2073 3
2074 3
2075 3
2076 3
2077 3
2078 3
2079 3
2080 3
2081 3
2082 3
2083 3
2084 3
2085 3
2086 3
2087 3
2088 3
2089 3
2090 3
2091 3
2092 3
2093 3
2094 3
2095 3
2096 3
2097 3
2098 3
2099 3
2100 5
2101 5
2102 5
2103 5
2104 5
2105 5
2106 5
2107 5
2108 5
2109 5
2110 5
2111 5
2112 5
2113 5
2114 5
2115 5
2116 5
2117 5
2118 5
2119 5
2120 5
2121 5
2122 5
2123 5
2124 5
2125 5
2126 5
2127 5
2128 5
2129 5
2130 5
2131 5
2132 5
2133 5
2134 5
2135 5
2136 5
2137 5
2138 5
2139 5
2140 5
2141 5
2142 5
2143 5
2144 5
2145 5
2146 5
2147 5
2148 5
2149 5
2150 5
2151 5
2152 5
2153 5
2154 5
2155 5
2156 5
2157 5
2158 5
2159 5
2160 5
2161 5
2162 5
2163 5
2164 5
2165 5
2166 5
2167 5
2168 5
2169 5
2170 5
2171 5
2172 5
2173 5
2174 5
2175 5
2176 5
2177 5
2178 5
2179 5
2180 5
2181 5
2182 5
2183 5
2184 5
2185 5
2186 5
2187 5
2188 5
2189 5
2190 5
2191 5
2192 5
2193 5
2194 5
2195 5
2196 5
2197 5
2198 5
2199 5
2200 5
2201 5
2202 5
2203 5
2204 5
2205 4
2206 4
2207 4
2208 4
2209 4
2210 4
2211 4
2212 4
2213 4
2214 4
2215 4
2216 4
2217 4
2218 4
2219 4
2220 4
2221 4
2222 4
2223 4
2224 4
2225 4
2226 4
2227 4
2228 4
2229 4
2230 4
2231 4
2232 4
2233 4
2234 4
2235 4
2236 4
2237 4
2238 4
2239 4
2240 4
2241 4
2242 4
2243 4
2244 4
2245 4
2246 4
2247 4
2248 4
2249 4
2250 4
2251 4
2252 4
2253 4
2254 4
2255 4
2256 4
2257 4
2258 4
2259 4
2260 4
2261 4
2262 4
2263 4
2264 4
2265 4
2266 4
2267 4
2268 4
2269 4
2270 4
2271 4
2272 4
2273 4
2274 4
2275 4
2276 4
2277 4
2278 4
2279 4
2280 4
2281 4
2282 4
2283 4
2284 4
2285 4
2286 4
2287 4
2288 4
2289 5
2290 5
2291 5
2292 5
2293 5
2294 5
2295 5
2296 5
2297 5
2298 5
2299 5
2300 5
2301 5
2302 5
2303 5
2304 5
2305 5
2306 5
2307 5
2308 5
2309 5
2310 5
2311 5
2312 5
2313 5
2314 5
2315 5
2316 5
2317 5
2318 5
2319 5
2320 5
2321 5
2322 5
2323 5
2324 5
2325 5
2326 5
2327 5
2328 5
2329 5
2330 5
2331 5
2332 5
2333 5
2334 5
2335 5
2336 5
2337 5
2338 5
2339 5
2340 5
2341 5
2342 5
2343 5
2344 5
2345 5
2346 5
2347 5
2348 5
2349 5
2350 5
2351 5
2352 1
2353 1
2354 1
2355 1
2356 1
2357 1
2358 1
2359 1
2360 1
2361 1
2362 1
2363 1
2364 1
2365 1
2366 1
2367 1
2368 1
2369 1
2370 1
2371 1
2372 1
2373 1
2374 1
2375 1
2376 1
2377 1
2378 1
2379 1
2380 1
2381 1
2382 1
2383 1
2384 1
2385 1
2386 1
2387 1
2388 1
2389 1
2390 1
2391 1
2392 1
2393 1
2394 1
2395 1
2396 1
2397 1
2398 1
2399 1
2400 1
2401 1
2402 1
2403 1
2404 1
2405 1
2406 1
2407 1
2408 1
2409 1
2410 1
2411 1
2412 1
2413 1
2414 1
2415 1
2416 1
2417 1
2418 1
2419 1
2420 1
2421 1
2422 1
2423 1
2424 1
2425 1
2426 1
2427 1
2428 1
2429 1
2430 1
2431 1
2432 1
2433 1
2434 1
2435 1
2436 1
2437 1
2438 1
2439 1
2440 1
2441 1
2442 1
2443 1
2444 1
2445 1
2446 1
2447 1
2448 1
2449 1
2450 1
2451 1
2452 1
2453 1
2454 1
2455 1
2456 1
2457 1
2458 1
2459 1
2460 1
2461 1
2462 1
2463 1
2464 1
2465 1
2466 1
2467 1
2468 1
2469 1
2470 1
2471 1
2472 1
2473 1
2474 1
2475 1
2476 1
2477 1
2478 1
2479 1
2480 1
2481 1
2482 1
2483 1
2484 1
2485 1
2486 1
2487 1
2488 1
2489 1
2490 1
2491 1
2492 1
2493 1
2494 1
2495 1
2496 1
2497 1
2498 1
2499 1
2500 1
2501 1
2502 1
2503 1
2504 1
2505 1
2506 1
2507 1
2508 1
2509 1
2510 1
2511 1
2512 1
2513 1
2514 1
2515 1
2516 1
2517 1
2518 1
2519 1
2520 2
2521 2
2522 2
2523 2
2524 2
2525 2
2526 2
2527 2
2528 2
2529 2
2530 2
2531 2
2532 2
2533 2
2534 2
2535 2
2536 2
2537 2
2538 2
2539 2
2540 2
2541 2
2542 2
2543 2
2544 2
2545 2
2546 2
2547 2
2548 2
2549 2
2550 2
2551 2
2552 2
2553 2
2554 2
2555 2
2556 2
2557 2
2558 2
2559 2
2560 2
2561 2
2562 2
2563 2
2564 2
2565 2
2566 2
2567 2
2568 2
2569 2
2570 2
2571 2
2572 2
2573 2
2574 2
2575 2
2576 2
2577 2
2578 2
2579 2
2580 2
2581 2
2582 2
2583 2
2584 2
2585 2
2586 2
2587 2
2588 2
2589 2
2590 2
2591 2
2592 2
2593 2
2594 2
2595 2
2596 2
2597 2
2598 2
2599 2
2600 2
2601 2
2602 2
2603 2
2604 2
2605 2
2606 2
2607 2
2608 2
2609 2
2610 2
2611 2
2612 2
2613 2
2614 2
2615 2
2616 2
2617 2
2618 2
2619 2
2620 2
2621 2
2622 2
2623 2
2624 2
2625 2
2626 2
2627 2
2628 2
2629 2
2630 2
2631 2
2632 2
2633 2
2634 2
2635 2
2636 2
2637 2
2638 2
2639 2
2640 2
2641 2
2642 2
2643 2
2644 2
2645 2
2646 2
2647 2
2648 2
2649 2
2650 2
2651 2
2652 2
2653 2
2654 2
2655 2
2656 2
2657 2
2658 2
2659 2
2660 2
2661 2
2662 2
2663 2
2664 2
2665 2
2666 2
2667 1
2668 1
2669 1
2670 1
2671 1
2672 1
2673 1
2674 1
2675 1
2676 1
2677 1
2678 1
2679 1
2680 1
2681 1
2682 1
2683 1
2684 1
2685 1
2686 1
2687 1
2688 1
2689 1
2690 1
2691 1
2692 1
2693 1
2694 1
2695 1
2696 1
2697 1
2698 1
2699 1
2700 1
2701 1
2702 1
2703 1
2704 1
2705 1
2706 1
2707 1
2708 1
2709 1
2710 1
2711 1
2712 1
2713 1
2714 1
2715 1
2716 1
2717 1
2718 1
2719 1
2720 1
2721 1
2722 1
2723 1
2724 1
2725 1
2726 1
2727 1
2728 1
2729 1
2730 1
2731 1
2732 1
2733 1
2734 1
2735 1
2736 1
2737 1
2738 1
2739 1
2740 1
2741 1
2742 1
2743 1
2744 1
2745 1
2746 1
2747 1
2748 1
2749 1
2750 1
2751 1
2752 1
2753 1
2754 1
2755 1
2756 1
2757 1
2758 1
2759 1
2760 1
2761 1
2762 1
2763 1
2764 1
2765 1
2766 1
2767 1
2768 1
2769 1
2770 1
2771 1
2772 1
2773 1
2774 1
2775 1
2776 1
2777 1
2778 1
2779 1
2780 1
2781 1
2782 1
2783 1
2784 1
2785 1
2786 1
2787 1
2788 1
2789 1
2790 1
2791 1
2792 1
2793 1
2794 1
2795 1
2796 1
2797 1
2798 1
2799 1
2800 1
2801 1
2802 1
2803 1
2804 1
2805 1
2806 1
2807 1
2808 1
2809 1
2810 1
2811 1
2812 1
2813 1
2814 1
2815 1
2816 1
2817 1
2818 1
2819 1
2820 1
2821 1
2822 1
2823 1
2824 1
2825 1
2826 1
2827 1
2828 1
2829 1
2830 1
2831 1
2832 1
2833 1
2834 1
2835 1
2836 1
2837 1
2838 1
2839 1
2840 1
2841 1
2842 1
2843 1
2844 1
2845 1
2846 1
2847 1
2848 1
2849 1
2850 1
2851 1
2852 1
2853 1
2854 1
2855 1
2856 1
2857 1
2858 1
2859 1
2860 1
2861 1
2862 1
2863 1
2864 1
2865 1
2866 1
2867 1
2868 1
2869 1
2870 1
2871 1
2872 1
2873 1
2874 1
2875 1
2876 1
2877 1
2878 1
2879 1
2880 1
2881 1
2882 1
2883 1
2884 1
2885 1
2886 1
2887 1
2888 1
2889 1
2890 1
2891 1
2892 1
2893 1
2894 1
2895 1
2896 1
2897 1
2898 1
2899 1
2900 1
2901 1
2902 1
2903 1
2904 1
2905 1
2906 1
2907 1
2908 1
2909 1
2910 1
2911 1
2912 1
2913 1
2914 1
2915 1
2916 1
2917 1
2918 1
2919 1
2920 1
2921 1
2922 1
2923 1
2924 1
2925 1
2926 1
2927 1
2928 1
2929 1
2930 1
2931 1
2932 1
2933 1
2934 1
2935 1
2936 1
2937 1
2938 1
2939 1
2940 1
2941 1
2942 1
2943 1
2944 1
2945 1
2946 1
2947 1
2948 1
2949 1
2950 1
2951 1
2952 1
2953 1
2954 1
2955 1
2956 1
2957 1
2958 1
2959 1
2960 1
2961 1
2962 1
2963 1
2964 1
2965 1
2966 1
2967 1
2968 1
2969 1
2970 1
2971 1
2972 1
2973 1
2974 1
2975 1
2976 1
2977 1
2978 1
2979 1
2980 1
2981 1
2982 2
2983 2
2984 2
2985 2
2986 2
2987 2
2988 2
2989 2
2990 2
2991 2
2992 2
2993 2
2994 2
2995 2
2996 2
2997 2
2998 2
2999 2
3000 2
3001 2
3002 2
3003 3
3004 3
3005 3
3006 3
3007 3
3008 3
3009 3
3010 3
3011 3
3012 3
3013 3
3014 3
3015 3
3016 3
3017 3
3018 3
3019 3
3020 3
3021 3
3022 3
3023 3
3024 3
3025 3
3026 3
3027 3
3028 3
3029 3
3030 3
3031 3
3032 3
3033 3
3034 3
3035 3
3036 3
3037 3
3038 3
3039 3
3040 3
3041 3
3042 3
3043 3
3044 3
3045 3
3046 3
3047 3
3048 3
3049 3
3050 3
3051 3
3052 3
3053 3
3054 3
3055 3
3056 3
3057 3
3058 3
3059 3
3060 3
3061 3
3062 3
3063 3
3064 3
3065 3
3066 3
3067 3
3068 3
3069 3
3070 3
3071 3
3072 3
3073 3
3074 3
3075 3
3076 3
3077 3
3078 3
3079 3
3080 3
3081 3
3082 3
3083 3
3084 3