10651 1
11911 4
12404 5
13253 3
14001 1
15005 2
20952 1
23553 3
26954 1
28252 4
30551 3
33604 1
35301 1
35801 5
37502 1
38301 2
39255 3
40358 5
41551 3
44151 2
46909 1
48302 4
52203 4
53903 2
55801 4
57254 5
60952 1
62754 2
64551 3
66402 2
67901 2
68652 3
69053 2
69758 2
70553 1
74303 2
76205 2
78351 3
79002 2
80102 2
81302 5
82205 3
83054 3
84953 3
86302 3
92703 2
93902 3
96451 3
99851 3
102053 3
106006 4
107805 2
110951 1
115105 3
117001 3
118502 3
120502 3
123506 4
126402 2
128151 4
129901 4
130803 3
131701 4
134104 4
135503 4
137452 4
140503 4
143953 4
148952 4
151651 1
153756 4
155303 1
157255 5
159302 1
